,roll,pitch,yaw,roll,pitch,yaw,roll,pitch,yaw,roll,pitch,yaw,roll,pitch,yaw,roll,pitch,yaw
0,-1.580802790821852,-0.020811381426986027,0.11416211576049333,-1.6157224331952798,0.014675639889397908,0.12478239731845132,-1.6283947227576578,0.0031782154001204744,0.14408320232766245,-1.6120612559368372,-0.03974746198203914,-0.13749239088395085,1.6529684869600543,0.029230589237482913,0.047159163721958816,1.6386026909547542,0.023405445705045904,-0.13239222018022037
1,-3.1816161623059465,-0.0426413755766649,0.2200241286592193,-3.210336817048333,0.034735138585329756,0.21707979679849734,-3.2570232512496786,-0.02325664756702022,0.2873163944257676,-3.2231471301739054,-0.02975768337948314,-0.295799169241929,3.2871221742618886,0.04526869810478487,0.07224925093239642,3.284394886357404,0.02624385759385472,-0.24110939374251825
2,-4.7816726231711675,-0.07557031735879934,0.2611394923141999,-4.810499977000009,0.06097136896671777,0.250929574218754,-4.877545566198104,-0.039432223485076356,0.4078870427137213,-4.8249214544038,-0.009050157456565414,-0.47149087024879355,4.9379025385512225,0.04954099701417343,0.1255249511127957,4.919763607897776,0.036878897401114406,-0.31266755340160307
3,-6.385214767732243,-0.09988106920827132,0.35668737349091645,-6.4147951274362365,0.10246404276886868,0.33199778341685143,-6.505671697906355,-0.08079148168680328,0.5473428504989509,-6.450455476200249,-0.004007182996714195,-0.6512294317181281,6.566550640510449,0.058259394293002406,0.13961713473804813,6.543938714989333,0.05527168546659827,-0.4134430350534176
4,-7.990863275026732,-0.12455320387649971,0.47918435176384033,-8.040009325938234,0.10632373993551177,0.44453019818171446,-8.141826722034269,-0.09479733602981143,0.6612869690737762,-8.070990398734915,0.013226304288692092,-0.8248875384978455,8.185123733628723,0.054583576486414,0.1694630291844057,8.164941795344836,0.06138618938926863,-0.5259039488689712
5,-9.587308692722397,-0.16792509004722464,0.5916616667210388,-9.632305068247081,0.12410259156279929,0.5737753940817382,-9.758016451507796,-0.13413544695353036,0.8394500578885656,-9.686668033635344,0.037679204065699294,-0.9211488866743565,9.824478259119113,0.024179254873148436,0.20874877940515665,9.782334940674279,0.06787745587793834,-0.6486478393766179
6,-11.164222902790282,-0.2385162662236552,0.711531476734565,-11.21956552352663,0.15820716548793717,0.7326897385888607,-11.385402201707317,-0.16968021781980827,1.0083839658743396,-11.271413787173785,0.07300449085843091,-1.074337894735061,11.443967724516233,0.009239985153384669,0.2761434858095759,11.37803005480678,0.06886599857803506,-0.7661003356867434
7,-12.747502153773466,-0.28146460372488563,0.842210476517734,-12.748104868355764,0.1833349766956604,0.8555143034073174,-12.987329503873521,-0.22086777486543901,1.196677335557594,-12.888903303773724,0.10919865111154083,-1.2047563479679704,13.052278502000771,-0.021597592867671093,0.30917408229703175,12.982661882725129,0.05322825963675631,-0.8964350989796963
8,-14.284232722109177,-0.31576868838996697,0.9525692566428159,-14.306203393357826,0.20156681922274924,0.9675159807213192,-14.58845074518377,-0.27936977868004453,1.357700071663013,-14.48419583165127,0.10911835038418799,-1.3175360482231147,14.66443714290913,-0.050649092097469275,0.387349963520146,14.583453118644618,0.0366449224410824,-1.0422212879528678
9,-15.82924690926266,-0.36363913828481315,1.0222001167399146,-15.8395692025716,0.22581721629960516,1.0731917834212619,-16.171599335930296,-0.3225383142476451,1.5238462686445422,-16.064511112943826,0.1625556143977099,-1.4494726514390415,16.252379956864225,-0.0980603125909047,0.45496109364046045,16.167229395180858,0.022473535759618985,-1.1721516725556802
10,-17.371830131204117,-0.42119263233627985,1.104121688638578,-17.369597195520676,0.2981641546288059,1.202507491185102,-17.75372797253499,-0.3690953701642539,1.6897191338417303,-17.632677498157488,0.2064332717637856,-1.5658373838813513,17.834283307084885,-0.13209938384108047,0.5316646751788343,17.768722938910663,-0.0067649113158135075,-1.2832459020123375
11,-18.931440010678127,-0.5095491202428902,1.2308431359860958,-18.93809872258124,0.3751578972457066,1.3039668171151333,-19.306103356038385,-0.42781913151897244,1.8642170788538293,-19.19916882591779,0.27693725444648254,-1.6809442603626383,19.40930286887911,-0.14208554771736362,0.5571973480536772,19.33781247953175,-0.0392924879690427,-1.4014181948041784
12,-20.494769818460785,-0.5968426780209991,1.392050907140647,-20.509029545574887,0.4419696536393153,1.403861069299793,-20.858642416773318,-0.47983082906851143,1.9996615949189662,-20.743046658626906,0.3471847076504235,-1.8191785218567018,20.97306909497224,-0.1606283580575786,0.6001620728999271,20.90566063780275,-0.08207952275995287,-1.5025714462933089
13,-22.063418403904922,-0.6808661810787335,1.5052416645025581,-22.063048192101608,0.49831674090542805,1.522391668826892,-22.405082048022887,-0.5372085825310219,2.138706668245411,-22.275202430851543,0.4196075220977385,-1.9567714357663237,22.528433932163384,-0.16600882012233129,0.6127627198808939,22.454060345532348,-0.09668590119096383,-1.5766865457877768
14,-23.60976559108638,-0.7418330524055661,1.5660172081711303,-23.630561978882238,0.556130635630763,1.6019021893473344,-23.937526118787876,-0.6025950406478051,2.255220137023251,-23.8065530177027,0.4939802409814238,-2.0973460578698884,24.083153726426396,-0.15940807346217004,0.6500505368614276,23.999567860938537,-0.1345081703576851,-1.6667576115932978
15,-25.157305531431927,-0.8263701117614474,1.6490473589802421,-25.16370565887058,0.6334941442717344,1.7583770641821177,-25.467423818073186,-0.6499901594917803,2.402930551243565,-25.335985231028545,0.553254447978343,-2.21812166466717,25.63496089121739,-0.16353431934162654,0.715103074830489,25.5349180901513,-0.18465051438317812,-1.7564521867865626
16,-26.699933863833582,-0.8755526123750559,1.7301275528574824,-26.681175811088217,0.695176660970637,1.8359372020843026,-26.990106057097638,-0.7079534096635942,2.539929673990782,-26.845793809457067,0.6198843819777943,-2.3278952479808632,27.170503573474686,-0.17655749461554487,0.7683583322084394,27.062009315114906,-0.21231161416624342,-1.8484565463651463
17,-28.20783873800435,-0.9486930058731553,1.7994999778265541,-28.192062918643224,0.760572848439289,1.9175918288861025,-28.506254653748286,-0.7599635819604241,2.698343697486834,-28.34346430697255,0.6683799156653993,-2.443942851700329,28.707935707439777,-0.1693788122679828,0.8074463304479135,28.5688155403188,-0.26591685271404486,-1.952168811067443
18,-29.694438896407437,-1.0126561190682595,1.8740954441262152,-29.648446883423453,0.8122090817464976,2.0073250410302124,-29.990676988778397,-0.8110140367397868,2.8451274446810757,-29.83549789067574,0.7438555015778942,-2.5610626389255873,30.216683034550098,-0.17074149597644103,0.8225278716599586,30.081470627923277,-0.31718187436216955,-2.0292255158870174
19,-31.16028659780489,-1.062859768394764,1.9481817953245377,-31.116990648444787,0.8663158685096091,2.0914453144854415,-31.485530584334256,-0.8749331597545736,2.9925147475392113,-31.297153156922075,0.8097847673587553,-2.660963949071706,31.715175346578615,-0.1920455446047792,0.8709249472475904,31.572977860772614,-0.39007986125326644,-2.1470041323302222
20,-32.62266298055501,-1.141634265497839,1.9927341441397275,-32.549481567710465,0.9329898805005656,2.1858051865161743,-32.955875895177265,-0.9605276782784379,3.167071526031916,-32.78242733236682,0.8727279601668645,-2.7321549701961616,33.23190243740225,-0.18533181197572715,0.9240957767808503,33.04294582109883,-0.46070705414211044,-2.2477605604296733
21,-34.07804890984043,-1.2338337543450262,2.061756315227746,-33.98803984053907,1.0478783609194298,2.281343732586528,-34.44048495231126,-1.0333241712698586,3.3182708134441983,-34.241199880898606,0.9305593154760888,-2.8352944955874384,34.70874977170209,-0.20962868389023143,0.9685204674687935,34.502351568170596,-0.5130457991255561,-2.3563715956695233
22,-35.517420874726454,-1.3527731421193854,2.161105795605045,-35.46383432685362,1.1657489870682474,2.3801434060560744,-35.894482462173784,-1.1203903644231106,3.4751691876801485,-35.6915934484365,0.9937074318583288,-2.90279806418257,36.18454706841733,-0.21736212992115095,0.9998775430277471,35.96113155227349,-0.5765623490303636,-2.4491314376802684
23,-36.95167743478166,-1.425245442580232,2.2209998930930657,-36.91927050903657,1.2219913076023559,2.4151337289080934,-37.33663898453457,-1.1905814232834486,3.618017940180186,-37.12649939037885,1.0777101383990833,-2.9733762373198256,37.65698936249523,-0.2160461405268804,1.0478056707864662,37.416088867107824,-0.6573905786699604,-2.5459888232876158
24,-38.398684257914496,-1.529202565875416,2.2860545923657822,-38.396665160981016,1.3078883519326852,2.497345200008521,-38.77492526201747,-1.2975021927470698,3.751784861627405,-38.56092659388535,1.15508941549891,-3.0493404297456164,39.1111447322393,-0.23643093416631272,1.069161960489298,38.85619461962814,-0.7293593845784879,-2.6101573343422344
25,-39.79577128105465,-1.6312959175332353,2.334323244006792,-39.8918047082204,1.3623648187019557,2.5290271036665026,-40.19783044252961,-1.3951453169539947,3.856074693569604,-39.992814389749235,1.2240261606710967,-3.1424428817625376,40.56938345837812,-0.24116354407978088,1.0903860044005949,40.296349408283426,-0.7740710164331371,-2.663581397621962
26,-41.15518360996077,-1.725613827910407,2.3571380714279426,-41.30122020059977,1.4299238298165327,2.563531692916161,-41.643605763259835,-1.491479700328304,3.9358515043403752,-41.430657762101035,1.3008195243502896,-3.2406941046030395,42.005828471289,-0.2791679545194617,1.0961564243339328,41.72751096805876,-0.8571975511983635,-2.7424895602020727
27,-42.50800033782022,-1.8092214141902103,2.390125380810835,-42.73037944771016,1.5082439310465823,2.570125998326206,-43.03313750172506,-1.653126445822985,4.070744410320556,-42.85451307026403,1.4013551034090286,-3.321109447122116,43.45265647244708,-0.34472602308787126,1.1242353854075204,43.12741377909124,-0.917855342266537,-2.816150232314716
28,-43.83671357740694,-1.9413924580419333,2.436172073687103,-44.16976773787924,1.5993027423187505,2.5943314000919844,-44.420498468024114,-1.7806503191459278,4.166518112394899,-44.27325206923913,1.459018026409896,-3.4080619735671065,44.89564910481693,-0.3785638620941504,1.1439139800723177,44.48746078231468,-0.9869792884301367,-2.9070700246378025
29,-45.18443559063838,-2.08371862269215,2.5043790035239364,-45.63451368970009,1.6972922101826773,2.645788160651722,-45.8430891389665,-1.9124457743756265,4.282514458880229,-45.68636702419556,1.5287162347663732,-3.4780184451031366,46.30146117560421,-0.4194010146240183,1.1710956819240568,45.86189234592635,-1.0524953871428324,-2.9747135218445058
30,-46.551263012560305,-2.2224248599457743,2.5512624707225706,-47.06116834605083,1.8074940714646466,2.71507809328269,-47.241274445715966,-2.058254130719407,4.385103845402657,-47.09727573147532,1.5875386738679753,-3.5202971924540796,47.718714675185545,-0.48710529678521036,1.189204712965361,47.2310491235664,-1.152280356260446,-3.061263982135891
31,-47.91353052140338,-2.3392231904260665,2.550784709240593,-48.5026735659398,1.8950489555011063,2.773167751050307,-48.603204852489185,-2.2220782277357936,4.508062001245211,-48.46547807757618,1.6769971669152512,-3.593657783149911,49.10509604500972,-0.5660791995357011,1.214724664688913,48.597182175292076,-1.260442573122053,-3.143603629446253
32,-49.30507706900365,-2.4675163201987056,2.571167452769129,-49.929080919588294,2.05559074971534,2.796275328987317,-50.00113535123566,-2.351800795932646,4.615984353299409,-49.83901274032017,1.7386023734030012,-3.639034893255595,50.48542078475556,-0.6422621759985285,1.2413517217510948,49.95359514681314,-1.3462665275179218,-3.203860704147568
33,-50.685875588254596,-2.5933012208879385,2.5899341035542434,-51.37659256294531,2.1534779255456673,2.8290079421637726,-51.3679610887318,-2.4791568400832134,4.7291450881776855,-51.187894240393724,1.8191926094546087,-3.6908314385333494,51.86275332908636,-0.6657813702281389,1.2512747171367018,51.29970915086547,-1.4636019049387772,-3.270035952855196
34,-52.08534228735007,-2.72478846938436,2.6168569944779803,-52.83605143903495,2.2819797066476184,2.8585327361190838,-52.72963152687975,-2.592975510619632,4.802247700453543,-52.52432994852062,1.9314076655491117,-3.768877085048903,53.234247196593486,-0.7133906215064424,1.264066794260933,52.640153801545495,-1.5620316309297395,-3.284854835560351
35,-53.457718108927175,-2.855891545066659,2.659941897344995,-54.237413137861594,2.3686191195680384,2.8860528281687863,-54.07094134759657,-2.727808197046109,4.876423672775908,-53.86236676631197,2.05645754390686,-3.838322722577952,54.587928193438636,-0.7099960880692077,1.245021032780812,53.98163164499561,-1.6251589908563724,-3.320020248128703
36,-54.793746056075726,-2.978402275620063,2.664119789959139,-55.608911358383,2.481568163904989,2.8990467017896657,-55.39797266123067,-2.845687158390287,4.938322367107132,-55.223873363042635,2.1606375704815037,-3.9196366536520557,55.93575298300644,-0.757931514699026,1.2592533111434057,55.3073748484945,-1.7104641857805347,-3.3654081244277605
37,-56.101118883337996,-3.074204557935875,2.6453964098475726,-56.94608541455356,2.5866866343593875,2.898058375242534,-56.72404601478363,-2.96876745837824,5.01695635879947,-56.554893591034,2.2476617183955527,-3.975275409775774,57.29251410896684,-0.7986530247084819,1.2751233077040893,56.631089289252536,-1.7970375494929443,-3.402457094923644
38,-57.38208233933339,-3.2003379791063336,2.636403789629184,-58.30023683137649,2.6758472005518192,2.901282991011096,-58.02448297211812,-3.121042313906138,5.0621839322988835,-57.876291097414615,2.3311092418527006,-3.998796472525643,58.617955316924395,-0.8566781863716683,1.287956203546414,57.93041844694443,-1.8677788368788453,-3.462957558240941
39,-58.64285914061452,-3.307858761683451,2.638406212799261,-59.61264432494963,2.791726599078399,2.8948221843447968,-59.34013545274668,-3.2520252418082998,5.1226087970828535,-59.174455534334285,2.4127679097732075,-4.045594767666263,59.94090540174785,-0.903621418456571,1.3030748063814115,59.23232400911043,-1.9503265530267304,-3.533836155617483
40,-59.898397085475985,-3.426889939978182,2.6446391590097513,-60.9047983830896,2.901835436318164,2.9031408838566617,-60.64877194449431,-3.3729600324794626,5.172422377217506,-60.47126081920156,2.491236768760525,-4.127185633790643,61.26726500505603,-0.8989756585850875,1.3159380059575123,60.501951364950145,-2.0198776425798903,-3.5796127564894418
41,-61.17184275987559,-3.584105196308546,2.6693060408398894,-62.20340864614523,3.035127909113717,2.9230806449446662,-61.95129195615717,-3.4939208767575964,5.206509061743044,-61.770985526276604,2.6029990721768597,-4.180020910076604,62.5754632774251,-0.9143020881357927,1.3330899579060826,61.77489504050414,-2.0713550695093477,-3.62492831749643
42,-62.44028786302699,-3.730660421322398,2.68476981622089,-63.43252453742429,3.1392371975852638,2.9710186164951082,-63.227385284917105,-3.629421463227921,5.256974253664401,-63.0360880973092,2.696069804488849,-4.227740803798558,63.871463356020136,-0.9469433287214641,1.3361464184711378,63.05922295171628,-2.1814856279407633,-3.659351063774099
43,-63.721973818084436,-3.8442522053979453,2.6653213506581905,-64.70286562594747,3.2599186143137295,2.978043625363752,-64.49697928194139,-3.759492435200239,5.3044460754438365,-64.32761846072246,2.753659135827073,-4.265090501555153,65.17523980733783,-1.0067123904474569,1.3560762333672132,64.33181823939434,-2.2856842158902384,-3.6921154116894823
44,-65.0007240447816,-3.9545508635632727,2.6420777200862573,-65.99539606311026,3.381349074081577,2.9782436058152744,-65.75786137659686,-3.8979541374929463,5.341948634313901,-65.59607006794855,2.865527108400886,-4.3044817474975945,66.46806054717892,-1.040998330783308,1.3798389649941671,65.59052917106459,-2.3795749122171266,-3.699014191807985
45,-66.2801400493676,-4.052312974640347,2.6155691252078874,-67.2655918352639,3.4912639883718533,2.9949622469141612,-67.02022476121903,-4.020980695502968,5.370606797103747,-66.83194716465093,2.9956364587506346,-4.334815385563184,67.73312837567079,-1.0834127590840867,1.401736503087576,66.848471828381,-2.4584040420614603,-3.7067152318880447
46,-67.55924908249807,-4.158199503526025,2.6128070676723127,-68.53574503649489,3.612308986763475,3.030402751479717,-68.29250673322014,-4.123048606324119,5.401895824766307,-68.08433452017512,3.092347191898913,-4.352012061732284,69.00734957178479,-1.0929334663093375,1.4100911549898407,68.08891162543144,-2.53132855402275,-3.728061149952465
47,-68.82940722476373,-4.2647865265064135,2.614921397977198,-69.78338145085988,3.711197003903219,3.0404203029752206,-69.5529467039798,-4.240878443056723,5.43857978454038,-69.33210504922053,3.201915837410951,-4.381196665038834,70.2722449461126,-1.1200855806010537,1.4270219251642613,69.33505859993724,-2.6090498231840606,-3.7410065749403354
48,-70.07446041911254,-4.362418118745407,2.6497256791615675,-70.98446615437007,3.808083764341959,3.0492481675217977,-70.81956133763146,-4.380768118871484,5.486749047761996,-70.5775170482236,3.288350434358344,-4.411970086080724,71.52722050542202,-1.1735914828165106,1.4306047833689983,70.57529738182438,-2.7103876576267987,-3.7418438772001705
49,-71.3166983389161,-4.479768735033787,2.661678004491977,-72.22855834988215,3.923081010564848,3.0810694989942746,-72.06111744611054,-4.512380448777762,5.506884859608764,-71.8035498045138,3.413443437014733,-4.422104886617421,72.78926472533513,-1.2072556545195834,1.4206084955276073,71.8045165232935,-2.8042036254782317,-3.760911308924819
50,-72.53153161595326,-4.596595616902445,2.6600330786950357,-73.4497542303726,4.028416581501068,3.099691056312731,-73.30350389834891,-4.636115534388462,5.517425111119668,-73.03768619711097,3.5270683010605888,-4.433664531879723,74.03026135200462,-1.250434479631452,1.4335167518377296,73.02595720478216,-2.886662998919038,-3.74165134288034
51,-73.74580297363822,-4.707659535795241,2.662215898437915,-74.70056533363658,4.118623262552615,3.1078454408331573,-74.522552634768,-4.746010062183585,5.516003545346223,-74.25608252876604,3.626779339673069,-4.459577399592822,75.28002710324282,-1.310668645792154,1.4433358998056447,74.23959208892681,-2.9612783843929567,-3.748085281944297
52,-74.9556307780319,-4.846400356412826,2.6554051648370476,-75.9224877290399,4.21950980178368,3.1010039725348526,-75.73078358136115,-4.883124852336877,5.5143743079425045,-75.46330317680551,3.7208124326832457,-4.474165764106812,76.50714706871713,-1.3349556755187149,1.4410953539947475,75.45803226051498,-3.0449311120494795,-3.7161979266616454
53,-76.17343653840788,-5.094831702372373,2.696285378366106,-77.13750077336154,4.4437768251842975,3.1487195593116235,-76.92954799699973,-5.017204136785267,5.512335230842694,-76.6608835336263,3.8100666807487418,-4.461780685931489,77.71192585595543,-1.3902429098288125,1.4317388318600195,76.65619730982289,-3.1592285819320867,-3.6796823995889545
54,-77.41775213586529,-5.248411695265959,2.6511934214781756,-78.43269110856292,4.567226056414492,3.1256713415222026,-78.1192336390861,-5.152603621690477,5.534561026954158,-77.87569764730549,3.870095595032083,-4.443622713308978,78.92826370000965,-1.4528933179267454,1.4095344429124648,77.86821773018004,-3.25545670950257,-3.6809701308920797
55,-78.65041943076113,-5.407040032821459,2.6329431618101466,-79.66942173021981,4.706723312264742,3.103173757645709,-79.3054687755703,-5.2844049113466856,5.5440102680417676,-79.0506740074266,3.9774549206723098,-4.4706762040418075,80.1316744275084,-1.462468026709623,1.4031454217234554,79.06157630757153,-3.3411221439452,-3.6781277343300958
56,-79.89577787666668,-5.451274574787977,2.610294781181025,-80.93125872138941,4.769257558548305,3.0223121948807328,-80.50264642498423,-5.349986689792783,5.520583412695645,-80.24788402383506,4.125000538135934,-4.477130210386936,81.34519346631089,-1.4521234481753655,1.3905036899062677,80.24587045382425,-3.364736785062208,-3.6397130743789265
57,-81.09716321645986,-5.50251387216416,2.566127727622397,-82.12227649035492,4.841076018783035,2.990086643886592,-81.6818423389931,-5.46197606234647,5.474601431198823,-81.43794054253847,4.206338440537099,-4.4298441965329864,82.56414610535604,-1.4769106492269775,1.3658603698182106,81.440244693531,-3.4165187843040186,-3.617182887857293
58,-82.30744700446698,-5.626342243031336,2.5135469460119135,-83.36496764271037,4.962797995745875,2.9452671719185104,-82.89032254529482,-5.562351397188085,5.430049530461424,-82.5950527402853,4.303041054801117,-4.4643266673998205,83.74474623963609,-1.4936593224720787,1.372971553716681,82.5953335536712,-3.470872097314172,-3.5874881115220245
59,-83.47062984498464,-5.7099026038590175,2.4886043958369926,-84.5252832305036,5.029844543356294,2.9072448090471172,-84.05882634752375,-5.692781921601372,5.377924449443881,-83.75739594173339,4.4077676342863485,-4.48090937460943,84.95452950038867,-1.5429788729869878,1.3791268219915969,83.76817539901155,-3.567307293943978,-3.495440467546203
60,-84.63629550939652,-5.7813524536716265,2.439461278962213,-85.6942945974761,5.08506130066474,2.843228050763467,-85.24062906097318,-5.795918911103828,5.357067303110982,-84.9259842615193,4.503115907103262,-4.500779889319057,86.14634596657467,-1.5266752974302638,1.3875367760763757,84.9071575977696,-3.6318350657672394,-3.5553322222968173
61,-85.79961161247088,-5.904890087005606,2.3842460250882227,-86.86037561742215,5.204880910183735,2.800409688279376,-86.41551180609373,-5.921380650698044,5.372068062733766,-86.09085120695909,4.598253578951057,-4.494942619470965,87.30487918133065,-1.5654751854227074,1.3683785445172778,86.02684994007505,-3.724560394739515,-3.098123467616613
62,-86.96968749253283,-6.010539718316833,2.3205824976507583,-88.04412549401827,5.300459329210569,2.755702874017476,-87.5586630057273,-6.0608968101814495,5.376395918971626,-87.21595641138497,4.697471633218881,-4.585233022875705,88.48107594429436,-1.6072121923962546,1.3402501808939054,85.0708834280531,-3.6795836100723105,-4.17576875279862
63,-88.1282451249889,-6.098183177515396,2.216939152077684,-89.2083872388909,5.3843789562287645,2.7635699595145393,-88.706290661299,-6.219522891909453,5.357146967391643,-88.35792539420628,4.773233978665755,-4.5487933854151565,89.65524217556597,-1.6674399025796405,1.3329487679164715,85.44103317936637,-3.736579383420732,-2.582221964561364
64,-89.27346648016035,-6.213649073955675,2.2412827148941488,-90.34951578689291,5.513332222522554,2.7588690015070862,-89.85047108001498,-6.345387790495923,5.0547221027996025,-89.47708588460043,4.835139208335828,-3.95056106921604,90.8190073834502,-1.725906713167272,1.232527118377821,84.7955935788498,-3.7322364906142265,-4.040506923982908
65,-90.44235293581701,-6.369960536542479,2.2021421545270266,-91.51877741890657,5.67228471383619,2.71237610013795,-88.65654684963181,-6.285038315743031,5.637254079054685,-88.44527807987075,4.719176258700852,-4.883933451775201,91.95229499240145,-1.7815617406925728,1.0030763392143114,85.89002460814496,-3.8355614113782077,-3.399948822041977
66,-91.60280383727245,-6.4827021861837215,2.191645044303522,-92.66818131146587,5.782560552571431,2.7194675618587763,-89.8345217789959,-6.423179368805015,5.241800217356859,-89.24405162232576,4.80374656854023,-3.586142424538407,90.80160395278433,-1.7647450656681882,1.284541982437239,84.73723117742513,-3.7861295487780144,-3.5450906402648563
67,-92.75650151824925,-6.5831188586381275,2.2141534211094167,-93.82741259577301,5.885717934921276,2.736981349097614,-88.64891257343861,-6.329135490844727,5.448757537431766,-88.5455348920885,4.780877390802934,-5.026758948724596,91.93605376271927,-1.760513360439809,0.8585091715769259,85.8797169980073,-3.863565176021931,-3.7217801142424505
68,-93.89940471625434,-6.664956974212943,2.2082628461567153,-94.98030279892336,5.947527492956543,2.711818870812666,-89.81339404247123,-6.426609206930534,5.277468730591334,-89.4789436008715,4.893767019920432,-3.9090699523413646,90.8254288781821,-1.716173454989603,1.3753098885339854,84.78112216913621,-3.775466654786819,-3.372290766437533
69,-95.05013040227372,-6.725233699771269,2.1748483126512355,-96.13004283077659,5.992797495250516,2.6638411558335573,-88.64917501810409,-6.3414056569256605,5.433708820729918,-88.3430503420744,4.843680244147938,-4.537749431283619,91.7570589645196,-1.7258900429627966,0.34930269629902766,85.93012251534948,-3.8564175531100116,-3.3592835741759983
70,-96.21045618656257,-6.806188101666013,2.0556153198289446,-97.28427405801484,6.061284717587461,2.6818319278095935,-89.81435637193674,-6.468783255428443,5.315602952828478,-89.49327368876082,4.9322268717728415,-4.539455718874298,90.91354572152107,-1.7125858117019201,1.5237302508836843,84.7368276675135,-3.8011536534347843,-3.6042879283070857
71,-97.31911425446161,-6.904399716641584,2.256368286079624,-98.43508757723848,6.137826039613986,2.5732382209074123,-88.69078042255552,-6.378097721841713,5.2373433946116865,-88.34094232500084,4.841453780641951,-4.918216984241697,91.52286938704269,-1.7339410883683322,0.10507215003737247,85.88404850814433,-3.8763862118100785,-3.404414386022435
72,-96.35256791224772,-6.938658587609717,3.420857706697062,-99.60767883847105,6.258393682795215,2.5487862996186634,-89.83589504335161,-6.524797434404596,5.205215237327881,-89.02246626879929,4.868794409838762,-3.479445750281792,90.82574157909082,-1.752510641005268,1.4526816748879743,84.73208145258147,-3.838509514939702,-3.8229628193021594
73,-97.03376554403059,-7.035082303069201,1.9163902885545638,-98.60965248721018,6.235608726467203,3.533043835991228,-88.65774135778044,-6.461778663106935,5.598372737364381,-88.32183449203126,4.822965892296661,-4.936821808527052,91.83314458149678,-1.7941490350315399,0.583333652047603,85.87655836866158,-3.958303905621341,-3.522306565564686
74,-97.30492679033145,-7.209721004602543,3.4002269288178395,-99.66808257820948,6.392437775356624,2.583083259532276,-89.77755667711754,-6.578837884853861,4.915456895697002,-89.45395765821063,4.919266506401183,-4.580165672257413,90.77650306018157,-1.7767590452759883,1.3267409058351727,85.8472462932463,-3.9689625926223484,-1.910875213408276
75,-96.92282304697227,-7.250134250666024,1.9169666037711626,-98.51534985684981,6.390563280170704,2.5829690906323255,-88.78179454427895,-6.535430263722617,6.013621987848843,-88.71004044183074,4.869284377981785,-3.4752713763691925,91.91769235000649,-1.820880123379904,1.0421165409225586,85.28794067815635,-3.978790035015335,-3.470162501977439
76,-97.4218972329079,-7.303349846668074,3.1914792405383126,-99.58624598484552,6.4612596016649,3.0517361650182573,-89.32669546926209,-6.6310366527752285,4.4410113831965825,-89.02801020506031,4.862108719095874,-5.004012028970549,90.78975931734159,-1.7944728223272142,1.4226235173596098,86.20166588349991,-4.054426993090517,-2.372811395557111
77,-96.74932672906314,-7.3005726865590415,1.9662735770508344,-98.9815581218948,6.428398999169918,1.8283155039338064,-89.283840411468,-6.625554210835249,6.071914647503474,-89.03429188328447,4.867660667951295,-3.3973778924255056,91.88749654990455,-1.8184419218315802,0.8223694079585949,85.25817519944793,-4.01011439228162,-3.52030508421782
78,-97.54130140783876,-7.341969218477736,2.8936053312010666,-99.82481616332574,6.451469855480583,2.702559227832891,-89.06633083738757,-6.615189473519035,4.505822670978497,-88.70567913672953,4.867759097519897,-5.036479297354069,90.78932646197417,-1.7761980218724631,1.3648463955624484,86.26356456617945,-4.071348835950115,-2.638346966134894
79,-96.9340818288284,-7.360506790722694,1.5699686933661567,-99.36747643828893,6.441937494402016,1.2810251551834766,-89.21064103334756,-6.612744107825928,6.076702573230269,-88.95146303093239,4.893848399286862,-3.4083840017485016,91.92649683240568,-1.8045029337441876,0.9213692015552248,85.25153024048413,-4.0297595501961485,-3.64975373869704
80,-96.99531120021226,-7.461175472870102,3.10250958267493,-99.89125716247364,6.540318412721831,2.6079627318357588,-88.99809701292912,-6.632685571330534,4.5188702378332986,-89.12302290985798,4.871233979513397,-5.007645698784263,90.79753324678273,-1.8037708152694982,1.3581900302631231,86.06872128655222,-4.088093326895527,-4.644871656633081
81,-97.46437304628488,-7.577663781618283,1.4483983480210654,-98.738119411829,6.562326393119018,2.4587142700642315,-89.53334381212572,-6.744054542743861,5.831074657516124,-88.39634875575463,4.802541774567362,-3.8277450197299943,91.75061445075927,-1.8394535155410858,0.3803126364289553,85.13735253173515,-4.053629200406021,-3.8445200659771386
82,-96.74815902275947,-7.643742817934657,2.8621248844276375,-99.89164175200817,6.691232719918253,2.572716093580698,-88.88005812817414,-6.726182156155849,4.604316169918453,-89.37042879670375,4.868956245106869,-4.5171207415651935,90.84642661070247,-1.8367702869775338,1.4582093507829912,85.44527308624254,-4.099656813386767,-2.241500983477882
83,-97.7241966342245,-7.804517408661966,1.652671969271699,-98.75584747934202,6.72375951056579,2.6909060520657584,-89.59316251093333,-6.8297954251423905,5.714449715105764,-88.23017254576928,4.762121358903307,-4.357517913398709,91.49569347431051,-1.8645457626641495,0.06698097234862554,85.20696803124842,-4.111068456464073,-3.903329036796793
84,-96.50813244849073,-7.888712026070118,1.827560274977245,-99.87837439225432,6.84243210120298,1.9706966369389507,-88.69581527190059,-6.776977738613701,4.837876048897581,-89.32258717738087,4.84203491112678,-4.697908051884311,91.0257686196898,-1.8884864172109312,1.5745563803987968,85.86196218224921,-4.157976656236394,-2.4931791181777068
85,-97.60375975968182,-7.936215234979439,1.9159685097508103,-99.13603358027714,6.8002694562035835,3.3328782698017343,-89.57528800564812,-6.871686284725785,5.685750631821962,-88.32636675406657,4.765449480840017,-4.049197337848252,91.94711268409287,-1.9244492422159305,0.5288607482636991,85.24923661087252,-4.143259029639777,-4.0137095524997815
86,-96.38375029331239,-7.9053073415628035,2.2149865251721166,-100.18134074792972,6.837725991201649,2.217385711364628,-88.66251341750642,-6.804948621675063,4.855340094455006,-89.12193068234215,4.851001370735188,-5.09898353012387,91.07986873388617,-1.8745657011846732,1.6515397693669247,84.37166960314305,-4.087882241870952,-3.0770505338045027
87,-97.35196336599462,-7.94393578575113,1.074765112508543,-98.9924049555448,6.776456395267151,2.683068264272858,-89.58112679534294,-6.886343893086732,5.687434798943273,-88.52788294950876,4.842026158363863,-3.792923512359187,91.27368741570439,-1.8864916295568868,0.006225167662240098,85.41551224245673,-4.155327298037324,-3.670860624433409
88,-96.72163401560701,-7.924711990440015,2.590826104594148,-100.13418564492295,6.811232890896157,2.599635628729059,-88.77737915006833,-6.802008528029862,4.694623426226586,-89.37495624152572,4.925609884295982,-4.841000543710852,90.96339765236122,-1.8699526439211978,1.6000141545963054,86.54383556404872,-4.214134802042658,-3.5024086979865037
89,-96.51381083259137,-7.95330818365485,0.9877497710655175,-99.02773818953281,6.7789312613825965,2.145446267325682,-89.61008997344166,-6.87945472386343,5.662803423016106,-88.27232021923376,4.813976434067254,-4.620950978743677,91.78407988193841,-1.8675467436691555,0.37620901990956096,85.37568568090416,-4.18161003794594,-3.3645614853699755
90,-96.93222784589794,-8.035928698794887,2.301882411416532,-100.01300678635457,6.868097977203246,2.633822163116749,-89.00535576662628,-6.8781416136762195,4.42020442309604,-89.39335967037388,4.896283460229168,-4.783214276071331,90.81394420327736,-1.8583381189098158,1.3386665666074655,84.31637080454057,-4.10639620439811,-4.292825572728451
91,-95.68615339841354,-8.04000899255859,2.163128854799022,-99.09836603353959,6.905070982569334,1.6942755301660812,-89.4726006456297,-6.964345963782198,5.783230704865009,-88.26163077014459,4.782769128099158,-4.5123453704853524,91.9471893123214,-1.9232983758507303,0.9839909632364342,85.34259626683146,-4.2081210714018535,-3.4551505679088335
92,-96.80074713120761,-8.174018953486788,2.0614528169221407,-99.38752585722784,6.992816794444734,3.1748178122327526,-88.94373677665939,-6.932303048869002,4.44662453604238,-89.32817190164815,4.872988940334697,-4.97182263037818,90.81454209137146,-1.9151374859488561,1.5739178044762265,84.67382775133767,-4.149004650545165,-4.90534237183874
93,-96.04681239065033,-8.265516841631285,0.9226098741491586,-100.01486520757389,7.0874267466645176,1.6771116062330913,-89.11160586688531,-6.958507370723219,6.009860491115428,-88.36037439977548,4.822649732964068,-4.1634025929468725,91.72335692616015,-1.9468336579710757,0.5506568257100162,85.51349275467527,-4.225362633155161,-3.655026824125314
94,-96.91429681316782,-8.373051750789957,1.712581356152966,-98.86158924025374,7.089957239464299,2.5047028497994743,-89.17883645249785,-6.981915482199033,4.375675754801402,-88.9181016226979,4.858859319779125,-5.499842717418425,90.75995468158578,-1.9467368823310451,1.5351587486652694,84.5398640874805,-4.1733750596189845,-4.705725961532818
95,-95.74111619863731,-8.36308175480635,2.3109802028020887,-99.80508854990693,7.183359347819379,3.17746882030873,-89.15476710487519,-6.9978655623260995,6.008787744284694,-88.97866949815636,4.829938020287041,-3.8470226433304084,91.46519831249131,-1.982302733737678,0.1890645631738591,85.4321537329287,-4.254642976096861,-3.533531831400088
96,-96.91238473057032,-8.452988005590836,2.0651685422498667,-99.39702315964114,7.21868926519592,1.7364105485614458,-89.18471006641019,-7.030819398707639,4.372937467416471,-88.88342884843888,4.827999827171966,-5.466867672066653,90.8104365284881,-2.007721939642714,1.5903163057992173,84.51185910646069,-4.161717459491768,-4.6664146450514234
97,-97.02031852510153,-8.50685615466403,3.6199182021125744,-100.0884170785984,7.30136603214359,2.8626320623062402,-88.91020292688232,-7.012859286634822,6.009457078289787,-88.37402032742828,4.8136051428873765,-4.053798706489675,91.71064229350522,-2.0064100251447714,0.5031593118451974,85.57055770885316,-4.170546171412535,-3.809586672648845
98,-96.72748585514056,-8.551304779366587,2.122453904324769,-98.94262235828607,7.282379399427521,2.6077171254418854,-89.51118514478463,-7.035166765639133,4.448033973057485,-89.15105340764761,4.9475985080290386,-5.0955027963596775,90.88174325229025,-1.9493033644040991,1.6695761840237477,84.81961481068404,-4.069059472815872,-2.686652831154704
99,-97.51541659078933,-8.619161420844929,3.025654463967568,-100.11258632754661,7.349694181103176,2.2965610988086813,-89.08931594931204,-6.989972604496296,6.077740449392251,-88.79704637249462,4.933819637471964,-3.6249821960303303,91.52764840232199,-1.9545154307511834,0.28010684963683125,85.45286980319598,-4.096155921443507,-3.9546141462873403
100,-96.72065025331506,-8.607953589410254,1.9594760739820372,-98.90969785051554,7.311454215475856,2.7856213301244646,-89.24547422674422,-7.010434335738101,4.435424327402314,-88.99292820566649,4.964720579752173,-5.218164540571524,90.929333563832,-1.9526030659542437,1.722937116358904,84.97302634806424,-4.075275908052993,-2.5368039413672676
101,-96.83721626978725,-8.664414015801595,3.483373071991392,-100.0712108297255,7.394080760892659,2.3193479123323337,-89.29604619220873,-7.0358194219781325,6.036338606217848,-89.8390608118381,5.017036534044033,-3.9708269238984744,91.9049850600656,-1.974163442967282,0.7891031466644246,85.56869894799793,-4.137116726676152,-3.847125214086306
102,-97.08854911327246,-8.727043023072095,1.792750728629517,-98.88745436727295,7.440261847896024,2.3318119610495,-88.92145103280903,-7.030605376220392,4.564256168811765,-88.77280230757921,4.941540587235739,-4.887264688350751,90.7876098096736,-1.997563207724069,1.3375496079725677,84.60582887699088,-4.102284226098647,-3.067782510848225
103,-95.95158154774698,-8.766629939004263,1.6043926032757465,-100.0304686270534,7.57272485823584,2.2046231447385156,-89.2903155809514,-7.07543735333699,6.005586251970883,-89.76516257362103,4.996753799585769,-3.914564597182852,91.91470274727438,-2.030012086231918,1.0386570954747285,85.34034370912026,-4.1546475134417795,-4.233400810043663
104,-97.08620763563364,-8.85488094281868,1.4926755610088376,-98.80566431818475,7.58899798670305,2.7625997071250286,-88.8730034680282,-7.075505139848081,4.580926030881154,-88.61919123302317,4.926942783798808,-4.419554195680433,90.80698384929077,-1.9873156401968999,1.4693226138009938,85.02401224066463,-4.0836256222026766,-2.7431686961187363
105,-96.09343299183246,-8.84100332017552,2.696016384727053,-99.93177538137189,7.6578225309937995,2.912003899298136,-89.41809822036858,-7.121487764629228,5.859244497713604,-88.46992704157812,4.9082878335723406,-6.048451113058445,91.8112006234918,-1.9948078173135526,0.5712155970315954,85.84533596709045,-4.1133642786001126,-3.8067601316201345
106,-97.30820423561241,-8.957420002282948,2.2520357680056446,-99.30248641000465,7.678233203514627,1.6929187923781264,-88.68631220307101,-7.051409462760603,4.756179558355497,-89.12615684460117,5.00639958570205,-4.566493472952899,90.83049553847,-1.9554407072791409,1.4614406247891658,84.80216962993767,-3.9861292153178147,-4.629877766019358
107,-96.12137392305875,-8.958772860844531,2.5201769182389238,-100.11787419576989,7.751294666188709,2.633136727359777,-89.56049461328865,-7.149497920628005,5.659485450315927,-88.11902452815949,4.9590415302105315,-5.560121054198489,91.78739071920374,-1.9317924825809505,0.43523144352155707,85.77485925919558,-4.03400709835699,-3.651142199597654
108,-97.29915285269267,-9.059660901120452,2.0330191987724717,-98.97578166392927,7.717729004945854,2.412130267556274,-88.63580552573359,-7.034198294843892,4.892045920267699,-89.07886652461082,5.052813179734485,-4.522792790807362,90.8560546037111,-1.8769864003423269,1.4542602206606892,84.63358679344789,-4.001101623462567,-3.424955353499401
109,-96.43852523665382,-9.046169640788667,3.392072107516978,-100.16077730166073,7.776571798411189,2.324264413753698,-89.63364731552508,-7.1319048958930225,5.481450434608091,-88.71076885425569,5.023151381460466,-6.151843216738831,91.68326139990472,-1.89462367209096,0.24998913807409984,85.52405585744853,-4.035761817817823,-4.347214281119586
110,-97.03951722382665,-9.103736477182263,1.801617399192432,-100.1885064551451,7.816640130498742,3.905248671310795,-88.93962575867255,-7.057616155609272,4.341557834781996,-89.33421790621301,5.095323164389935,-4.687375879081678,91.13345500119364,-1.8510638545172677,1.7246568692505735,85.735006848163,-4.031516266435974,-2.7458676480075406
111,-96.18813528488431,-9.098842889522393,3.1886595150736583,-99.45576222614439,7.79124150414697,2.711348460354441,-89.4163456808119,-7.127388356727281,5.714348642125559,-88.20940182622545,5.000354047926902,-5.370960078276983,91.09407447687146,-1.864037984089192,0.09383847097150033,85.8296608396614,-4.046927141201276,-4.394303350494555
112,-97.07174278815431,-9.19594922250727,1.7603672417378062,-100.43876200469315,7.9413329624423135,1.5938556865626685,-89.04787850083628,-7.084728962903043,4.245173171067052,-89.23238429444662,5.091190537404892,-4.397459569152606,90.66808790528648,-1.7967047911344156,1.563292885189661,86.09825101784631,-3.87258809507924,-5.973505880158952
113,-96.242278793255,-9.11543289399509,3.1818936498010597,-99.63419722796448,7.900829020826142,3.068448078844754,-89.11749921008536,-7.000025526236749,5.750116369739196,-90.35857130560976,5.264614927832288,-3.7606157683719985,91.79117595803748,-1.711698426657307,0.9579838806041716,85.98206435764097,-3.708115457502429,-4.363434226998963
114,-97.61178614818299,-8.976715012396737,2.3753519368771547,-99.39588984690963,7.817967460734891,1.4918833606498476,-89.21524679341863,-6.861863223950303,3.9634663809985637,-89.48407614869933,5.267849230589714,-4.861384410865414,90.66976695803903,-1.608159824261755,1.3199363009480687,84.95819443445612,-3.5943921501801777,-3.8969800277849522
115,-97.00802579003367,-8.654928108337792,3.6415981413199043,-99.2779117718745,7.757233001799565,2.930978514096682,-89.29106294502309,-6.836159099033544,5.374167143697196,-89.36971032031144,5.3085027357140495,-3.1014035876555313,91.76828385280423,-1.615570154004264,1.3796404942766578,86.17908746045134,-3.680970475133279,-3.29225403840217
116,-98.36069158823001,-8.283085441786938,2.8898255628365166,-100.22824291881983,7.6776760464982345,3.2347658791388705,-88.27612046777023,-6.652340292007151,4.605294001410306,-88.42321904469819,5.321059530427497,-4.218382918628373,90.65568921067299,-1.639684811549958,0.9851513401916405,85.36169182360767,-3.5275689312928344,-4.297794209020599
117,-98.39963908322751,-7.814383664239486,1.0364032808969819,-98.9718252989607,7.272119091292405,2.480020034831378,-89.36698044927863,-6.507456303934493,4.86227581168196,-89.326083117487,5.440588515085978,-2.9827997629363723,91.5796108962094,-1.3693349907919847,1.8737922751691334,86.34712058753713,-3.3174603521207664,-3.01151600406843
118,-98.74574067268736,-7.031556408539432,1.8070091316836452,-99.51431180672155,6.660505514902247,1.5895519909610032,-88.9317066544428,-6.033442187461533,3.1575954865603393,-89.20545567281589,5.6404936652281155,-4.547072239629559,90.49566806899315,-1.0098933901550116,1.1515343067410282,86.05019977651031,-2.9085836269128706,-4.380710938977965
119,-98.04435322581593,-6.329638386221002,0.15539708544366995,-98.0465395077825,6.100897045746339,-0.12097089403511757,-90.00699388949573,-5.775980388825099,3.3876159114901294,-89.00545642467941,5.710884651560266,-2.688705168377412,91.27786945028932,-0.6619494211701347,1.313670130392372,85.43102890961022,-2.64189069999759,-5.025791125019531
120,-96.30362864700047,-5.771052919561606,-1.4203096551658632,-97.67138923748809,5.80954490145203,0.037322088763152544,-89.06558089750636,-5.226064222731536,2.939971156015746,-88.98389585705318,5.710044235987939,-3.931969281831011,89.91484055560929,-0.9117878653031183,0.197124986268538,86.98043941205376,-3.2688081420737185,-3.5884054122559412
121,-94.84523173718063,-5.443561767170368,0.14343478491412529,-96.44769704178569,5.626597431848144,1.1846513562738132,-89.07557173340125,-4.8660435106093916,3.485009388930846,-88.07140495405362,5.787453048194178,-2.5360984293315374,90.73431577487193,-1.9088631804512513,-0.46757924309629617,87.23057656428423,-4.28574620973087,-4.6699060211633
122,-93.82027877307416,-5.190218970891485,-1.0973452693187213,-93.4753626363685,5.463621576413454,0.10036436814505666,-90.49295768345391,-4.769812985088504,2.2175032668788264,-88.74972725737973,5.620376924834377,-3.2599730695215507,90.98425313513961,-2.0974187630306513,-0.9703266919661078,88.30889379156272,-4.920335361908623,-2.2474988545581094
123,-92.29308201934523,-5.050125478599775,-0.037181656639058404,-90.59066002017218,5.341362434683179,1.7789486407075625,-89.46816272059166,-4.117911081083713,0.7873478433763946,-87.65876230306904,6.022734525595007,-3.7297641142084035,91.02116936234917,-2.3987125022191087,-1.862917498258244,88.30680187304402,-5.43706177846143,-0.5412471406351576
124,-90.0367332278033,-4.479294350561152,1.3973253633567377,-88.68355310134058,4.75231314503263,1.7286130660665582,-88.72610250948279,-2.6903428745539304,-1.2321410320808184,-88.8598786003607,7.034321190093905,-2.21191747084293,91.33952624257027,-2.8342586724682852,-3.747527539085044,88.79823228150721,-6.131514535539653,-0.1379885007651742
125,-87.23443906968964,-3.7853334724623533,1.7257349826451691,-83.80676357139924,3.6771277269861633,3.382045707579658,-89.42998020548539,-0.7921194486150821,-6.817699690402841,-88.76603558693016,7.544778383747242,-2.1516741792163043,91.84501218332855,-3.0328054139106686,-6.316144371450389,91.12275417132602,-5.8194390560650655,2.982490055050451
126,-81.94008528432725,-2.1494401580094564,3.759059435642955,-79.81093697992914,2.143186065962968,1.9314882048327109,-88.93093234994515,1.2897587636464263,-9.563484076273026,-87.79891642244695,8.250788297378879,0.13137136796530707,91.99465643672416,-3.4577054549494144,-7.987693717812433,93.3280109278103,-6.167254615419948,5.317708739147243
127,-75.79849444163943,0.009724487033437194,2.8815529295528077,-75.76706680594778,0.21817981127683392,-0.3810010206484551,-88.88211209757304,1.826241034238691,-11.25749746256538,-88.74400787985657,7.432344346182548,3.2752614189117772,92.49076280189747,-3.9958861263037333,-9.17612717343949,95.52446700115833,-6.626129855619128,5.242295782978348
128,-71.93807359957864,0.8424081583824942,1.8389107212654816,-71.30243206395865,-0.41371837962433955,-1.553530498804579,-87.50795299608045,3.975802887298761,-13.37793757079999,-89.02089865341537,8.80751627246273,2.962329281290286,92.65793417505364,-5.202405128428849,-11.294795910571416,96.1158210860075,-7.726053210858914,4.961638068071005
129,-65.36748180590484,2.511948356951797,0.8464224923816124,-66.92245193610697,-1.8292713417418358,-2.4193853287286937,-87.26412255481598,4.3576383882873975,-15.176499224040535,-90.70660358091624,8.496152570904165,6.22093463944654,93.49513978754709,-5.432821238915962,-12.875226270982672,97.16767449772928,-8.331615360850947,6.657983711817561
130,-59.94527526921863,3.115480995710593,-1.3581337462844056,-60.63466172284234,-1.9241127738219048,-4.3119732026619895,-87.56087924161068,2.930185748894163,-18.546652882188326,-93.49936620543434,5.6365282744915755,8.39413826740671,94.1382365550284,-4.164833844744788,-15.508901075157974,99.453847842798,-6.96951058533587,6.033136896462684
131,-55.85584803111448,3.9807985364858527,-2.9902988534898793,-56.257092606104145,-2.4480026410511044,-4.942123202683897,-86.65246162541243,6.313327590020539,-21.498527309018485,-93.1073894127169,6.27988151784177,10.134716171492395,95.10167035417894,-5.5834822620399835,-18.72551837690334,100.7018573141253,-8.00865805256479,6.644346658064517
132,-51.02139984227459,4.294546881975436,-2.1778479939913074,-51.19036732699129,-3.202087968541392,-4.010943860676512,-85.01134852443595,6.2632435737770535,-25.482644119237232,-94.3150583597276,5.496971336140583,14.913930429508039,96.99335046496267,-3.55608774956322,-21.666747158527123,104.57011839179266,-6.504241386998863,8.694486322712613
133,-47.19659653621782,4.086259214863239,-3.957101005219641,-48.41859029139989,-2.9483021308707205,-4.14586126865302,-84.21939723328883,7.423354030853165,-29.546907731519433,-96.4737112742584,3.477796932869985,18.76333615699225,98.54204882140588,-2.917197412231644,-25.75316827619074,107.00636223013157,-6.270725423723095,9.363394243335206
134,-44.10299349884578,4.268769636213452,-2.1051369229864685,-44.77114568619768,-3.2316699147382124,-2.485625619587022,-83.3238548269793,7.650096015839228,-33.418685239930184,-95.70851526666168,2.407765241467787,21.711652385388017,99.93387538140793,-1.803791984557985,-28.86879613147548,109.70674338115356,-5.214615713196758,12.741722883457179
135,-40.387057878342866,5.043116357623002,-0.786302956964698,-41.24510763107451,-3.9827525995922635,-2.3594138652788392,-81.70761326464304,9.218443929647794,-36.03201835645473,-95.21656950641245,2.868504066979756,23.220523111298164,100.6813438804263,0.37122007579981464,-30.992739850776868,111.09723917675716,-3.7925518888699212,12.42143384344562
136,-34.22269885550195,6.045982058412374,-1.6677126290543485,-37.69678001870627,-4.989690765337238,-2.4820909075364,-80.44408557927395,11.124930572421253,-38.7322073958011,-96.46710166604957,2.505042798595444,23.224620076653032,101.18988500321527,1.6948209686747502,-33.29165512000105,111.22115317136648,-3.255161629737538,13.796162494467229
137,-27.63617148173794,7.002309467847997,-2.604666829707472,-32.66889480131493,-5.47810049994562,-5.074003144697206,-78.8750829758285,13.00718012645079,-41.48183598533451,-96.27036188427601,2.986809355059017,23.7163373099399,102.13120216909097,3.8973965747946444,-35.53178622031645,112.11629299783813,-2.2298394871613274,13.355492474322642
138,-21.749201213018036,8.092380970931167,-3.861718882604577,-29.993728361823475,-6.531980385390677,-5.978232218482003,-77.73402315950521,13.052194241633462,-44.12771074636822,-97.46514580094562,1.8474920473723544,24.168107711582206,102.90009132741248,5.09986326870287,-38.28867463097772,112.55055193952812,-2.1889073829168915,15.793590857552168
139,-16.51972436598649,8.126741022213503,-4.188599939321444,-28.16485216314856,-6.746720543470343,-5.935846144117766,-77.02666862813139,13.736642852098994,-46.4674498029399,-96.79531713426283,1.9491453200281124,24.47346257564168,103.61242349127117,5.780889792553166,-41.074898120584244,112.90955768915806,-2.3732383296555097,17.766054514589694
140,-11.93938062323035,8.441350553663225,-3.8255476268697066,-26.654428715125995,-7.060397295135468,-5.607302535260897,-76.92164113273412,14.157759782643401,-48.334512975681896,-97.19172184119529,0.919477835385983,26.773467878810298,104.05344438706882,6.528563384323851,-43.174378265006396,114.92627760959739,-1.9234214827744514,18.16418103477684
141,-6.9838461648635395,8.105803454709053,-6.656284845031855,-24.966537868909935,-6.752042934230293,-5.688528606526843,-76.63635738589522,14.6556975799932,-49.528923457580774,-96.27192135142343,0.7379417465871565,27.099853027616057,104.14189471503285,6.962586072282788,-44.65986268111248,114.36190105464158,-1.6944598269448625,18.51980828570992
142,-4.170309224054271,8.19941782746667,-6.5950442030025,-23.915024552756567,-7.020715793666212,-6.0125194358506375,-76.35764057920822,16.685555521769334,-50.22549158756943,-95.52809392001313,1.3139859174924124,27.41082540408328,104.1698522606639,7.772928701220551,-45.59196200833705,114.82415678100297,-1.0747468036703518,16.85891658844265
143,-1.2645885071976875,8.207902930262076,-8.406969742083223,-22.698325452420878,-7.351676751580336,-5.046486347991754,-75.58928842608384,17.61041400298763,-50.650771160017335,-96.8848379128919,0.9713484023914084,28.659659475064956,103.36844477561787,8.34352009310599,-46.5611300863498,114.87945985907741,-0.6623785356745601,15.74905276459883
144,1.742232539125476,8.466526584355094,-7.424067752722754,-19.003213309116113,-7.411281500834187,-5.516932527808288,-75.18601295212717,18.75486843944943,-50.629509172258935,-96.54062934751933,1.6926964106636446,27.33996915655627,102.46529098678545,8.909848014579646,-47.03796137709576,114.10048137363363,-0.7106402565818961,17.214295446348544
145,2.8997801736159587,8.854438426839275,-6.3722501830026745,-16.467160812721282,-7.449501995288025,-7.371581967904805,-74.79571372094864,18.965647302935437,-50.33956315501414,-97.3564412402134,1.5059060792018486,25.971761061499812,102.019933507367,8.889729845548727,-47.26159296145846,113.54546855330727,-0.8260071329184596,18.173320741984703
146,3.8301214097159724,9.383957940395609,-5.479015285946083,-16.656719971964872,-8.013042809204343,-7.471986945702811,-74.69832745901192,19.77062938937043,-49.61451519256592,-98.44081555041564,1.2537790009434184,26.180315518847518,101.56844679393693,8.419424314100892,-46.939329762417785,112.81011644318444,-1.1513068969791092,17.581878355436196
147,7.317885608040417,9.48500529232814,-4.998286945188107,-14.182898499460446,-8.006875558265035,-6.194559968909037,-74.79147132896406,20.36959970030386,-48.34854414486276,-97.31213509911746,2.0168505502268737,26.068547411488556,101.02050833532464,7.785344924431569,-46.24458967385368,114.12301695872557,-0.7344127015135755,17.99715036149349
148,11.347231986975864,9.57273902599948,-5.924019020384248,-14.019113463697238,-8.451385867559052,-6.674342161548609,-75.28619972249629,19.425223483383174,-46.6615405722855,-96.27156320309813,2.6746788625461937,25.78384904654164,100.48978800154052,7.193008150718259,-45.33105241365817,114.05376508778025,-0.774203372472409,15.975269117679028
149,13.940270556823638,9.638427075834855,-4.771586694702109,-11.196992314575173,-8.384203898302747,-7.21146334199718,-75.7631983827195,20.353129081066516,-45.10408125400953,-95.54008027193262,3.2057831199342206,24.31611660591472,100.07705263179828,6.60607707103383,-44.24688241793022,114.90819142335567,-0.5808760393352931,14.548934652339192
150,14.963318808631806,9.792258877104308,-6.344663575218506,-11.944098274239272,-8.729962195253625,-7.477058436928486,-76.16103047700484,20.925446184115284,-43.280761415690776,-96.60662654036472,2.9255237940675927,23.507760691377594,99.50629142145299,5.889616061535367,-43.1455657151926,115.8960646749933,-0.3624134641970833,14.962672135510456
151,13.895344295703454,9.998133581725888,-6.808584129135893,-12.677204085539842,-8.87066775025009,-5.828851006387325,-76.63584242461792,21.264571048592263,-41.47122655225749,-95.63766172487838,3.4682587864276844,23.240908881297464,98.91824124266155,5.361788503337886,-42.0988978276034,114.65265210555997,-0.6949451501167055,15.263902456538732
152,11.702292992321079,10.227711920567799,-6.4226804761299885,-14.48403452971302,-9.0288991342396,-6.174508751839432,-77.07899148793197,21.474491837757615,-39.59697855961493,-96.74144087028782,3.16879328719706,23.959263013159024,98.43023445584377,5.02495717649886,-40.899552838674275,113.52664153461613,-0.9821391527018261,15.991662291665238
153,9.878590301802719,10.409854407942607,-7.277133721699895,-15.930015007164046,-9.13206402614707,-7.157057449523736,-77.66726305331076,21.809421417658143,-37.462461177794665,-98.09671130505274,2.6151060610092265,23.705246948134615,97.86917594070596,4.45269035612846,-39.58008248890788,113.70786718250564,-0.8743297610813867,17.52800968962847
154,7.601580869370643,10.549722043353317,-6.061740130945329,-16.600345464486963,-9.052910445791216,-5.411307953338262,-78.5392023687901,22.03970499387847,-35.08635962786145,-99.24810300469119,2.041367196181027,23.798436752224507,97.25812415404266,3.7248240330367732,-38.038781478064216,114.57999402112338,-0.5964555727753621,18.132517999094777
155,7.6125163298628875,10.453268498868951,-7.4404472908793355,-15.577136576750075,-8.84037358530308,-5.0838323911398025,-79.41326352739766,22.155502954120667,-32.49951894567675,-98.18298810124654,2.484312969895864,23.577490140318915,96.7020331758178,2.8992034859234335,-36.37556865028066,113.2572694356982,-1.172022675142431,17.410209563292955
156,5.235380246993925,10.48072128686918,-6.154913771564651,-17.20000970901041,-8.723852278237304,-5.834728177105969,-80.23048082296488,22.322485265993652,-29.856910247368678,-97.83853720351763,2.5196117269256875,24.583406836817815,96.1240289525118,2.1988535508597766,-34.42850490374767,112.42567427190177,-1.8014947536370884,15.558901985358284
157,5.484826944157194,10.513175441628494,-7.087078894413605,-18.646949971854532,-9.029633473087635,-4.286577264481977,-80.63702582529541,21.80904874346797,-27.21329997765118,-96.83256845394439,2.687072055622315,23.885353322181317,95.31361220247132,1.4599459605808258,-32.12137152475166,112.94022067226133,-1.907897441387348,14.322501618133527
158,2.945528879358907,10.707377045148807,-5.44035354309642,-18.764149441215693,-9.043463860927773,-5.646935232854748,-80.72976652436385,21.1640407121504,-26.78869693702823,-97.40710138420289,2.3575832656315994,24.697966275966024,94.22262570304677,0.7257905465032987,-29.23092910547148,111.73042134440637,-2.3477860740699517,15.000965670787489
159,2.3733304345339907,10.941988044630337,-4.629731780148525,-18.854715451560796,-9.309978958758533,-5.465911905906035,-82.66883504470897,21.173659498995633,-24.45692583863551,-98.14626940769541,2.0744630610475423,22.28219224249502,93.0890683335543,-0.32300554259607683,-25.965634786398823,111.91657015571765,-2.635814612355242,15.682905108170235
160,0.5873514362756413,11.208814816264098,-6.287682102948424,-19.841078197529598,-9.48484265131735,-7.043531760304284,-84.08350837989647,20.27842236284988,-23.009068005576633,-99.00897136564986,1.7192570370876277,20.149994691295664,91.85774629619108,-1.2840191416487905,-22.240996990615358,111.0236308515457,-3.253385189648356,13.132381279844685
161,-0.14207862647197836,11.064980858552364,-6.689624283290058,-22.73528815949465,-9.610794307948623,-5.2846573418480105,-84.89398500969212,19.25529800911974,-21.517276664883553,-98.9175022061582,1.8719494179350125,20.604023079063143,90.34665897131981,-2.0609371198897186,-18.20236328731627,111.2399312834628,-3.7054049870544117,11.341588070979352
162,-3.967247278519353,11.273259892384717,-5.101702968173082,-26.207945853864164,-9.862588309585592,-5.967238340382649,-85.32665000784648,17.683631129912463,-19.034854453483863,-97.66274551956734,2.2444911073612026,19.08543858532933,88.61520201893043,-2.8368242335715155,-13.9385524727598,109.36891586900416,-4.664413972438402,10.884035353341138
163,-7.585894400683395,11.529643916409281,-5.887454497469829,-28.019807282949827,-9.98267184907237,-4.432744685734286,-85.84604082657305,16.180513088605995,-17.500937603701434,-98.45519326611328,1.9756773222062272,17.215074138441352,86.65870593674259,-3.186551193773962,-9.53369622115592,109.02489696911911,-4.905329950081588,8.324906883315224
164,-9.411002937273441,11.52983592867405,-4.312239550559964,-29.793327815291317,-10.209355416494818,-5.553988548651979,-86.4108717377541,15.089124197474733,-15.921538882281835,-96.93895886218941,2.833166684366062,14.95341028075274,84.58739437311853,-3.3568828868220013,-5.109296015204045,106.76590231350116,-5.423692534818456,6.971288335504749
165,-13.915687468622396,11.650731932464803,-2.5340080852693863,-31.27351568039572,-10.247948686076379,-4.579142630034268,-86.60404523822815,14.482778750011422,-14.222085884455897,-97.0590369904051,3.07502238423623,14.897274039255798,84.35852537080339,-3.2649723343996517,-2.436132205488298,106.82591444632672,-5.633994115866429,5.1995425693323005
166,-18.265498216087288,11.858695401545008,-2.4425911990318396,-33.33207125418029,-10.540597023412236,-5.946909442545453,-87.27217801921674,14.154285714984923,-12.88069693104269,-95.81907037851258,3.8273111601146175,12.02332106032573,83.87217693563251,-3.44268986441867,-0.3013325052563908,105.21912695126252,-5.810324160833136,2.475871261613107
167,-22.045292162633174,12.44147723334545,-3.341891143005329,-36.381097887559925,-10.870701765281161,-7.154797803964934,-87.68644636502299,13.747458212389239,-11.460614993335527,-95.80771244830947,4.580648168825224,12.027209391614814,83.33910438771723,-3.254510405977938,1.328495631358457,104.28751552000166,-5.778577160083521,3.0531469045346467
168,-24.946070331490578,12.665016058305016,-1.7835008047915535,-37.900973862049305,-10.888230088032968,-7.1003342672824745,-88.53411633631471,13.515461654560015,-10.22472488778977,-96.46855543939441,4.739299162967755,10.079885083736563,82.82202421180779,-3.4694780141309747,3.0277768987478133,102.98969062431206,-5.6638224120826814,3.6461787880322998
169,-26.72478784275443,12.421513653966446,-2.3447105018947716,-41.46568795675493,-10.800662181525466,-4.876561089668258,-89.10648324020174,12.892922442314136,-9.120528516253644,-96.48587489653238,5.363975136604491,9.934413785637435,82.52875521335854,-3.6149871007413563,4.749196485792764,102.69342002501196,-5.665006064044202,2.5394573188647995
170,-31.691909634923768,11.943285555630993,-0.7364701059997538,-44.271263720077336,-10.447601513601908,-2.8706158031445415,-89.59355374373202,12.18543536449058,-8.102574674385421,-95.22293550687412,6.088418736412179,6.823637089944431,82.2171491520392,-3.5513508937833382,6.098599291329691,100.26285271279943,-5.472849626150842,0.6785649391335469
171,-33.79900820351747,11.641445499413171,-0.8021406320556762,-47.509367429156455,-10.235598156596524,-4.2207437944729485,-90.00020439620488,11.206594986411464,-7.200954671172387,-93.41253219721759,6.725119572526004,4.034883138727456,82.07491464436501,-3.2523979803192864,7.297115318630063,99.14739649600247,-5.285264157798811,1.5615257199239376
172,-38.26116474801005,11.111784672318855,-1.9333383862338,-52.68838012230321,-9.913374331100183,-3.705147168377462,-90.26386601231961,10.342154804526123,-6.44190003945229,-93.67635621249002,6.902914734652587,3.7436615699286167,82.06341163974388,-2.9537137048634095,8.374646930089146,97.92445421617843,-5.107297267323394,-0.689964479498333
173,-43.52614435037501,10.637135010649384,-2.178700919545386,-55.569772092464774,-9.42177427358294,-3.2115394417053946,-90.29446955824635,9.105027155331038,-5.703397353140248,-92.51402333923512,6.920180136340109,3.9141645879536675,82.23193491365048,-2.7046284009020627,9.326388085018495,97.38712405977543,-5.210882724756409,0.29021383777178433
174,-49.186574234439256,9.99625139650729,-2.1323755560772715,-58.68712761330191,-8.67490182506421,-4.063133039853519,-90.76671352043098,7.584446747900283,-5.018645404083658,-91.33124927586319,6.9103679079874825,1.1466924124184836,82.1168589154335,-2.1836435689358185,10.199993758036069,96.03376673507734,-4.546670643384063,-1.8586598118142243
175,-54.40943904850751,9.582156434268104,-2.581793958330226,-62.0617114453088,-8.053478177018587,-2.74848317277881,-90.60933716629765,6.364627646821813,-4.174202547795197,-90.0768431753817,6.8318904832356715,1.3721686791473457,82.08344806007588,-1.4964012224671381,11.062214804975197,94.5965164020817,-4.146419034062275,-0.6165098912384771
176,-57.90629172425144,8.873749083657124,-3.9766442877439863,-65.26569857538365,-7.352999715669899,-2.074179562294672,-90.61160484976706,5.4983779409716185,-3.9238581404650086,-90.48767641225868,6.867521994431182,-0.4269888106551757,82.40587565221045,-1.3480574496860587,12.03368095371873,92.42977595584311,-3.7701812023747125,-0.7106800475457826
177,-61.95322289504253,8.297048402850876,-2.6414747589986787,-68.72711156352108,-6.824806182634757,-3.1758037737548106,-90.39889731763871,4.913961247650104,-3.567435906206065,-89.44868774862773,6.727057695421626,-2.6769604565762615,82.69942692499373,-1.6521203084961644,12.785320957200108,92.81380113074754,-3.7049572070040178,-1.2612336858374715
178,-67.67310139445084,7.634180009687638,-1.8486556378344223,-73.85134774333049,-6.185440274178131,-1.3988127822800165,-89.89327736608853,4.841315873988156,-2.9701853896745094,-89.13226834864577,6.744030527927019,-1.6491037878991974,82.9106039208146,-1.565050375225278,13.22714226976318,93.34504502884404,-2.52619428491546,-0.6287475950384798
179,-73.20487295457563,7.3745145355805315,-1.240679603489168,-76.96412211771555,-5.890404699394835,-1.5361661323728233,-89.96387053116271,4.672726413988386,-2.9541700641888653,-89.68970976816192,6.256452347781296,-0.7306585526639661,83.40248432628819,-0.6501802253218757,13.77835940913845,92.62294538177618,-1.8478698021465947,0.8792229482632118
180,-78.65082578153562,7.177234641868695,-1.2019111738946548,-80.05672139844052,-5.544253015964266,-1.2957243928602236,-89.9533039393457,3.987289483001947,-2.848105726126266,-90.451719363626,5.8238968173637025,0.284419894459239,84.1576047109117,-0.28689001516916585,14.11875215753092,93.22538466581271,-1.4934302039160912,1.5137502348815293
181,-83.86545535950073,7.0561986064390725,-1.7426768021534949,-84.5227866079464,-5.395551801910156,-2.671643155264668,-90.15771362591427,3.6578652657811244,-2.767723413690815,-89.94357627505433,5.507190753843463,-1.6534240375392122,84.58543779797927,-1.2608730927442628,14.702468866250976,92.2464201563078,-1.7426236272848392,-0.128366404918851
182,-86.8094291305609,6.661694409325607,-3.467653771350091,-87.11841443889624,-4.781972756692248,-2.428299184804716,-89.59117977416028,2.9481959802227946,-2.3043731205825844,-88.6668624443663,5.336117739609376,-1.5567107029639589,84.89848927260809,-0.5770505664918582,15.16493584822496,92.24247921005926,-0.9649858584187312,1.1604160325037673
183,-89.56249154819427,6.188985315273579,-2.8138912996498866,-89.83684489324868,-4.458665357315062,-1.3247418375229778,-89.6208370819459,2.7569643496936496,-2.0274171339335036,-87.78801670927305,5.771046950614376,-3.1454181228639735,85.19225974528436,-0.07253169484188529,15.806526100211359,91.03139155252516,-0.7250802379772997,-0.3411483826197318
184,-94.17181458928032,5.910878225201697,-2.7269581088545753,-92.51656527802561,-4.295945981942788,-2.6462562608208335,-90.68003472623514,2.372112069520021,-0.7823101472637127,-87.98194588478452,5.793185760250541,-1.9390957408479506,85.59023664316919,0.6163201820462254,16.460092796602098,90.99251160844146,-0.4803784084032047,1.0690039105565174
185,-96.18501806559543,5.520178809099496,-3.3129611873552287,-96.61924193902631,-3.919371510930834,-2.315181875466118,-89.62594434518068,2.2603279523741984,0.932877093737236,-86.68094180396888,6.174492734854827,-2.9943693699421536,85.93594377557001,0.36718667297219776,17.056573703228295,90.40873460043241,-0.7912755191104683,-0.7983900444606206
186,-98.30412045973956,5.184326215589477,-2.9546067640564257,-98.315634897678,-3.5973251017551457,-1.7925016213933196,-89.554785759299,1.4670379777777995,1.2829130686950045,-87.74546716843413,5.761433669732459,-2.9720787765274728,86.32310655124954,0.3792054582404496,17.227127404022937,89.5312891319327,-0.9652104054185192,0.6439940050699464
187,-99.9258372876569,4.602620176419125,-3.2180019824748487,-99.51968697727222,-3.3432681776006357,-1.719218193302724,-89.77159849671541,0.5081034746114728,1.4117458053606884,-86.62577418226599,6.046454236653293,-3.911181873682364,86.79457101816945,0.6105704158082954,17.53042580459061,89.96475616818967,-0.8184107342325021,0.8111121686166033
188,-103.17430490888835,4.283141213023926,-2.201191083171411,-100.28008969104152,-3.055885661496302,-1.6521051179773865,-89.82119337912796,0.4027400919820433,1.8771065998244183,-87.3460412286244,6.575871797713514,-5.301981151160235,87.14564748304731,0.32237682152080677,18.127685553022413,88.60178780732603,-1.5006284154178435,-0.9025813246381083
189,-103.95117967008683,3.886229376116798,-1.6556988801142951,-100.56470552719868,-2.640504798145465,-1.9770265586994074,-89.83590734785577,-0.39465391418814627,1.8539813021446858,-86.52025022509844,6.106536056467271,-4.479547190258981,87.49292537920057,0.4588423618680899,17.890048187676907,87.12734485678745,-1.5930186112653637,-1.7969517153405383
190,-104.23743552862055,3.136337236563277,-1.8712424748907297,-100.83527247900281,-1.9667188798084263,-1.4633607370952262,-90.57444992084753,-1.4894577973240446,2.0837954676585757,-87.72215587048568,5.5361877716127506,-3.7492127034549534,87.95723949811153,-0.20575364866745122,17.4730962634399,87.71133057330508,-2.39402792861847,-0.49301083687848823
191,-104.29946624611107,2.824479093768409,-1.6286850032290785,-101.04726106469982,-1.6983531257658815,-1.1459478008541866,-89.30822428184214,-2.3723937763910996,3.6533180217572196,-88.79508041197114,5.233105628974186,-3.1342228887763937,88.27885499835831,-0.746752230205801,16.981590219279173,88.22337812068174,-2.768950132822143,0.8376772940576064
192,-104.18340908078538,2.6524298847902847,-1.2504238706025,-102.71066145866446,-1.704503252633944,-2.443009511017338,-90.17275182251464,-2.3622918841164284,5.293518054854482,-87.61503107214428,5.6533957199169365,-4.058957764942284,88.5325291389435,-0.9640655358753265,16.915272139188016,87.77428272765064,-3.0234080268927506,-0.9283981777479621
193,-106.24036328085573,2.699866731018029,-0.6422621905579073,-102.92408437072802,-1.7255645632349748,-1.3803710267405322,-89.96794538799601,-2.8263054912262806,4.751590129449885,-87.83763333086337,5.389603856063379,-2.35620455456537,88.86978818302786,-1.0497627694099259,16.612131406684767,86.4636152618884,-3.0688280854437977,-0.16488568222010452
194,-106.15498261667986,2.3879714813408133,-1.5599035580594032,-102.81837685052196,-1.543836388396033,-1.612085293929629,-88.8928617774465,-3.5096402335545758,4.7192003445933794,-87.98489916895355,5.011718694736115,-3.847192502130715,89.09972345822706,-1.0493631963028702,16.045690679952386,87.12187130515987,-3.381415388296466,-0.8968792113741141
195,-106.90973685909387,2.3585740694659565,0.04607384630318572,-103.4363427441991,-1.4572898519142583,-0.05672650493632188,-89.70936937279832,-3.8733940006148573,5.2430406538318115,-89.04744479188211,5.060839524835988,-3.002305768793622,89.31134191749871,-1.1794487057909078,15.412287792884099,86.21934539985925,-3.775649303896007,0.4046492536809019
196,-106.33441124984877,2.400254250148396,-0.589577517350446,-103.99196500488412,-1.4711981931236786,-1.670689501357666,-89.55344964526239,-4.2267446218891935,4.2073115057555714,-88.66420220925181,4.756353492375907,-1.4240699950965594,89.46133867097319,-1.231725881980181,14.823812900479883,86.00420418913706,-4.077447115006348,-1.2953372228737858
197,-105.64705633669955,2.4959032478314076,-0.2678084170972412,-104.32988941055197,-1.5713861759670753,0.019841859915232747,-89.63992457692197,-4.30598544685254,6.264605203645352,-87.45409389890767,4.511773029608397,-2.1029403348253615,89.58281762828898,-1.1244300892038814,14.145990974933238,86.63233331437634,-4.0241996275243705,-0.2660567913893917
198,-105.02166873072576,2.3142050448900164,-1.1991843719761,-104.29527000416077,-1.4316462055770252,-1.3211381978948298,-89.67236578332906,-4.418122351242762,4.9937684995463805,-87.51214830019512,4.502557149119149,-3.83099851597962,89.74536346030447,-0.9018048074919146,13.255889967649773,85.8440815869058,-3.855428659261441,-2.0421672975676857
199,-106.1244988756887,2.421317592370842,-0.940185795503618,-103.50252362267013,-1.4997653465891212,-0.8146259555001988,-88.75537194635456,-4.610853401483094,4.0415741551237945,-88.63232766108395,3.891165503863162,-3.2420346719572115,89.95573100967943,-0.7827419907736315,12.097351791647355,86.78722569415555,-3.833962854149638,-1.5145749188142539
200,-106.95706304478627,2.3963832136868564,-0.046478967481984976,-104.61442286771008,-1.3952750874954147,-1.2264143684523512,-89.56237791905863,-5.056593807790197,5.006838746177728,-89.55727491181423,3.8771870360724425,-2.24122072986374,90.08503621933419,-0.72126602472228,10.570289464313838,85.56651420250783,-3.63877630529442,-2.1546037714780404
201,-106.31185165995423,2.4851280240751636,-1.6015198689149603,-105.57857068413304,-1.4447054882041226,-1.1338668489355064,-88.52397398245023,-5.045563036412886,5.974243883933053,-88.35630862540414,4.083703597022227,-2.1944746832818423,90.26260691875991,-0.7925922950325548,8.922754552669836,86.3721144759996,-3.5800087596632415,-1.2447214837836882
202,-106.68439921307856,2.3866895244669415,-2.8420076909163807,-104.14766397654749,-1.2601481842323763,-2.0670706310606626,-89.70748783599328,-5.008070567841045,5.100861565046817,-87.49247524441647,4.440774507773403,-1.4022105009136467,90.55813011789941,-1.2718587763348326,7.250665332936838,85.14075146476289,-3.5522788875643863,-0.9080633747624534
203,-105.1667228638179,2.1976481419590033,-1.9920779351378544,-103.9695497335983,-1.1097042950535307,-0.5744739961476751,-88.65558436031336,-4.837666670902861,4.3723133036739235,-88.24999485505789,4.53858210763065,-2.677704131118702,90.90128475617966,-1.7414998455401778,5.3843085438338605,85.90181956235001,-3.509431239690087,-1.9371040397574004
204,-105.35477425967663,2.1134019271970583,-0.7475445737814193,-104.16516439245594,-0.9619375613252944,-1.8427011026935305,-89.84998195996157,-5.041846951490921,4.145323153183046,-88.54569392152442,4.593373186466547,-4.282783542412709,90.87046634698581,-1.9158369813820773,3.469256999760819,84.73395874453723,-3.5474863778763974,-2.203558652656078
205,-103.74306341578526,1.9161083423463796,-1.1358543510955412,-103.83817683494924,-0.8286838188094371,-0.21441291221352948,-89.23748971659884,-5.141050022584762,5.422627159283455,-88.78235460386925,4.64766839305597,-2.6188971669751977,90.96973867601677,-2.1519428818434747,1.4520588392159413,85.73889112735145,-3.4912008997304183,-1.111563007302119
206,-104.44014443244586,1.8555096345307867,-1.4234578250504895,-104.2657726108135,-0.7458015418242836,-1.1155159039600486,-90.31865371370799,-5.239765113929934,5.905293397320289,-89.01402778169617,4.748596696708224,-1.154523646577973,90.40658613464092,-2.146486695320156,-0.023086993375383114,86.37389695241687,-3.694815514589887,0.266579005756774
207,-103.434468546717,1.6111791368386617,-0.37328256138163046,-103.45092872617137,-0.5582551771680229,0.29885842506201615,-89.50263691832018,-5.027164848544705,5.016595275243549,-88.48389143249295,4.87143777383838,-2.948808320820815,91.15925093609388,-2.1069681746026645,1.3060260777081565,86.41600566345046,-3.693092741031836,-1.4535528362266088
208,-104.52750624371852,1.6654263014778985,-0.22682233190310652,-103.75885094858185,-0.6310313860959227,-1.1961675965018466,-90.03928021674209,-5.072004352972008,3.6406454787708844,-88.99397510295282,4.771004755627239,-4.5483227809007305,91.04656782753189,-2.0600393815897577,-0.1481290202990713,85.15148835605902,-3.7818555822670983,-1.231251399957001
209,-103.56485183360961,1.50747312130225,-1.333677063033396,-102.55867746299789,-0.44358879739631707,-0.7728875832759983,-89.30963343201735,-5.109028820109333,5.176474520168454,-88.69204857364458,4.751999382168715,-3.153495293216745,90.59744956550877,-2.1170991995380803,1.5025241203011037,85.16675581841814,-3.985948958319052,-3.0233728684622636
210,-103.18654907254131,1.4604583553437362,0.2533952146965589,-102.71046933725572,-0.3879362839717753,0.8381322410469284,-89.60777652447179,-5.132949067575712,3.5761801754263223,-87.5450048640245,4.64836551946692,-4.023666618359679,91.59115874687772,-2.230333130233634,0.8160112784399312,86.0134338089769,-4.294592240421412,-1.922931565613919
211,-103.77795761229622,1.557840573718269,-1.025018066562184,-102.66246268957798,-0.486229450323083,-0.7814146614958409,-89.37755470680936,-5.002709108596584,5.187948454647708,-88.5283390143838,4.794441925585265,-3.216618731756039,90.55753408488164,-2.2080665080370503,1.6803088731001736,84.92962338720423,-4.215074918374814,-2.5386953879197693
212,-103.98839690751372,1.6807137183632594,-2.494454922292737,-101.69295741127804,-0.631245898446638,-1.7849612077861534,-89.62495680851076,-4.758556231497894,3.363953058936195,-88.0457371659,4.874672097929973,-4.825423674718071,91.72590085352287,-1.8289170986169447,1.7802762590806753,84.77638555341855,-3.4612913515208152,-0.9745909779914617
213,-103.44033138826389,1.8288444045979284,-0.8352581606535808,-102.16245752637991,-0.8004873830699156,-0.5291686874562915,-89.53972011491938,-4.43655849982442,4.744345190290852,-88.86520207216704,5.325558197044232,-3.5030089665705044,90.99665550295178,-1.4338402848271854,0.3569185655564862,85.91662802712607,-2.7783374687602738,-1.7339904220382982
214,-104.4663895561586,1.944772436746322,-0.7406192432592432,-103.04884970316772,-0.9673536487142869,-0.9841221485889078,-89.79853294632777,-4.00974990770583,2.729480442900441,-89.77586607349053,5.644363059065732,-4.196853840582542,91.8882916214513,-1.126554232190306,1.210775198096949,86.95622833217381,-2.5660026665913267,-0.357570458741912
215,-103.29389533072887,2.0683439657061875,-0.7093938189014077,-104.0364622084825,-1.177025812600571,-0.06100149612737475,-89.58826775273342,-3.791136759411623,4.231998565537023,-88.68753715145698,5.777371867324077,-3.6753037989758317,90.78562884538619,-0.9860586926718375,0.8985768921084889,87.05747864364858,-2.460496818126878,1.3864425998522998
216,-104.56252896445015,2.170207864762463,-0.6151488044747404,-103.05157473236453,-1.2159597684264898,-0.607847829933995,-88.68325184991298,-3.647998693425561,5.286860067713729,-87.58412033442161,5.761138953176982,-3.408195628478957,91.89495795065832,-1.0426802147972312,1.1361925366651788,86.6270031498903,-2.610448733857221,-0.10493721634380325
217,-103.74734249371288,2.3003946762085588,-1.7781843393930639,-102.42693674677187,-1.4133027843347552,0.6186567980180704,-89.72970080965013,-3.6733318632111853,4.359291237519802,-88.72294616237548,5.895669183164306,-3.1733741421150876,90.74551015422932,-1.0307696322677906,1.2660784175854276,86.18119699772178,-2.6062241225135767,-1.6684785441281282
218,-104.34384624773222,2.3842655904929537,-0.3855364519572115,-103.00694394038773,-1.44708763033497,-0.8142892711119515,-89.61238321504521,-3.5669882219823963,6.041068644717214,-88.21857220632072,5.963069437198649,-1.8446019430891925,91.89691217861919,-1.0025650723262942,1.2379233654679223,86.09620205517177,-2.6773833863408933,-0.04486945403965007
219,-103.29091923944736,2.4221177605089728,-1.3448011857346172,-103.51356585556955,-1.500508765656791,0.6300682999361935,-89.48713216550708,-3.567069051869178,4.461123816862139,-88.43930477487743,6.0560606360846325,-3.437752079828289,90.72146608993955,-0.9923498238384063,1.0807650511752165,87.14401771336377,-2.662903923331303,-0.7121337544088365
220,-104.2676502692515,2.369454758321187,-0.6852610539712816,-102.81080659522722,-1.4308282286776812,-0.8429701128829818,-90.5599185421384,-3.6049504195969315,4.912309358158142,-88.21824918202934,6.081606669708791,-1.9182467925055107,91.8457469139174,-1.0095444093657882,1.3196985244495636,85.93860486906699,-2.7383494032629283,-0.6804459732478116
221,-103.19304362389241,2.3082811381087756,-1.7864983427554475,-102.28787281898511,-1.3770852582865325,0.6504506394579683,-89.41305831973864,-3.525713079397998,4.79730926818923,-88.23414981142552,6.172504492970764,-3.6142381449290597,90.73612039160295,-1.0761458696060697,0.9640038648015791,87.05965643176702,-2.8586242464476097,-0.88096443505505
222,-103.81438856515967,2.266967678818344,-0.47489359752597593,-102.72172815907955,-1.2931874308662352,-0.8861563743300968,-90.01426263653197,-3.596850952429077,3.445669739698196,-89.12071283004404,6.211059804726255,-4.541185877764232,91.82524443751484,-1.1263870344063736,1.5301667223778697,85.96881250067473,-2.80213022764329,-1.7414430871654996
223,-103.77480350913471,2.2058919362822134,-2.1284862128947344,-101.5684713852451,-1.2569513907947774,-0.28601180189636516,-89.1197855593584,-3.6000604975389496,4.669535612895012,-87.92404503623924,6.116216659611632,-4.911936019560755,90.88584684217918,-1.1139549145302794,0.6199753262385806,87.08464561921281,-2.9458231724435504,-2.0024991350264227
224,-103.38845514811759,2.132191536658826,-0.5996515649072068,-102.49037271234663,-1.1780019424190928,-1.0100933123087332,-90.26414312474631,-3.7532434678815183,4.509574956304772,-88.98377794085397,6.156085113290391,-4.027930341501778,91.4976092479152,-1.239104903294016,1.9802830885058913,86.10300248185655,-3.0104721977512607,-1.3435815982177564
225,-103.03689553284649,2.0032783312721616,-2.2819891915965673,-102.43592435154844,-1.0779608385281991,0.5718818101974381,-89.1016010143317,-3.7271248867084488,4.599579451718359,-87.84513724797466,6.047505298340815,-3.915961890697419,90.89376719064944,-1.2124273396423522,0.6039204718171852,86.40052335846354,-3.0532018029776697,0.23374514503258567
226,-103.60061186367075,1.9437737093678582,-0.9252374979904768,-102.46811829293385,-1.0078871848612172,-1.0921318121173165,-90.27685528767908,-3.8628563014153534,4.427326906224358,-88.98551550783147,6.08574683955536,-3.846215062857362,91.05188610131518,-1.2427754266196749,2.2263014940520804,86.29466462501902,-3.162214143031375,-1.4243381834754083
227,-102.45696578364098,1.9093727797210105,-0.33147513742796875,-102.01471635874525,-0.9895219015189669,0.3638426793049312,-89.08692508159619,-3.8813570929607812,4.468549015160929,-87.85960472697415,5.988412508638191,-4.489207987012318,91.08532258892363,-1.3536126603133882,0.5125057567084074,85.12663653033556,-3.1029624685734163,-1.700486746445973
228,-103.3751350633799,1.8722907269392126,-1.0617772953049036,-102.383691590793,-0.941866938008622,-1.1417030812439017,-90.09739353207921,-4.041095298796752,5.0661130612837875,-88.89983414122771,6.080622268060947,-3.4734890328202215,91.20603097547479,-1.3948418889078888,2.078540235221059,86.27769321666162,-3.1562818410868703,-1.616642819631541
229,-104.26453789701472,1.8237571789719553,-0.22985673862591968,-103.29165594433746,-0.905209948393952,-0.30616008750480567,-89.14165014505397,-3.9819590422204163,4.289548619423189,-88.00403269759637,6.087574689295107,-4.611532584970937,91.11384285424523,-1.384001794103356,0.41234550226729955,85.1295713981404,-3.036446554277563,-1.6245334365347044
230,-103.89595010929841,1.8234578511617603,-1.8842834105717667,-102.05222410384329,-0.9082778498528197,-0.15190860652801288,-90.00079804541885,-4.092499959050051,5.248679226139973,-89.0070479166855,6.154743420309125,-3.532811733375382,90.72743721726957,-1.375336904245052,1.957889422933939,86.21631433185502,-3.076804499230851,-0.9878253953550824
231,-103.5098093206805,1.6485907491504115,-0.33728541491359504,-102.63927019971048,-0.8013788086180592,-1.4757202521759827,-88.95084638095744,-4.044934176101204,4.6211317311949855,-87.82436386033817,6.072378947566294,-4.024841587010242,91.33364760579015,-1.4087163199663988,0.5311986602186867,85.07159248347772,-3.112439701269726,-1.483727777083858
232,-102.30712862545845,1.5409443948082238,-0.8361373612328725,-102.60738089556232,-0.7550695229630775,0.16817084740395827,-90.08552135447384,-4.139514867041927,4.291359038593758,-88.99711111268674,6.1069454404715025,-3.9172002705056475,91.118086043182,-1.444682664481535,2.2200697631214417,86.17804648764185,-3.2187489205174233,-1.364111831704462
233,-103.38388602136054,1.4671275493517826,-0.5889309575133268,-102.04048303062055,-0.7087776072553935,-1.3194941452537596,-88.90489803321339,-4.131396883828261,4.877007074381112,-87.831244331978,6.010498385789786,-4.271892795408975,91.11454049800962,-1.4589130574573634,0.6414553223411673,87.25389731646891,-3.328552220363604,-1.6063003466695218
234,-102.27908873072023,1.4096513944922875,-1.4248100465276188,-101.89183742649314,-0.6837899062235477,0.22679347796286134,-90.05835266158195,-4.276885927567335,4.5965380172864245,-88.89252979784145,6.040653383967259,-3.38837169508345,91.38613407755189,-1.4848275837799019,2.278801204608566,86.08354838389918,-3.3084008044301503,-1.7134141643274086
235,-103.34340302211724,1.3711773571161898,-1.0274983794407573,-101.11872321368415,-0.6109592148780137,-1.0773435910499634,-88.92211026223478,-4.194942335257435,4.374742600220618,-87.73374788814526,6.026501240725923,-3.999484545979644,90.78235634666486,-1.4280370892669396,0.9997922259204687,87.02970454057278,-3.354528928497343,-0.743043164385699
236,-102.1168681277247,1.1902460804772448,-1.3401047741478034,-102.27124907322144,-0.5369582086020055,-0.5685019445102586,-90.0692435911564,-4.279690311441602,4.448652890096495,-88.79742271386921,6.042622087688742,-4.3471593511160105,91.89110626557309,-1.4844155502826413,1.1887926067001462,85.9205268926366,-3.388548058844682,-1.3254591498259176
237,-103.20389251665459,1.0602333033842137,-0.6437449330748464,-103.26973936904791,-0.42390181857754616,-1.5257017709947456,-88.85593928153538,-4.280582376064205,4.748697961792328,-87.6967688869648,5.901736334743289,-3.9356116396333682,90.72400525460401,-1.5553312361626106,1.2429363833954215,87.04138894664179,-3.5009210097340175,-1.650670675437551
238,-104.39001460107647,0.959178715255838,-0.5949101968393108,-102.27865658529699,-0.309556040232344,-0.6842739396591803,-89.98009820416911,-4.485914857907456,4.707393651450387,-88.83638830971391,5.902983128633756,-3.5022913088415057,91.85517791229566,-1.6868780718869387,1.1672091484914366,85.87962611330407,-3.5876133296148733,-1.7197151567320947
239,-103.16087894685042,0.7738748592380024,-0.7372118232547319,-103.12896146477371,-0.1946560926717216,0.5247871961501962,-88.78994263505953,-4.47221983931895,4.763296950723107,-87.642392064545,5.800993247474709,-3.685880520026886,90.70196595647093,-1.7201976411922402,1.0545617955159587,87.03506439976087,-3.6969940875671394,-1.3882470525339505
240,-102.32321657724793,0.6596084877808419,0.4323056211863875,-102.169803291099,-0.13330036901719688,-0.3580146118159349,-89.91751616077117,-4.594641315763314,4.787571194208465,-88.71162432949626,5.8556477006920105,-4.129814583042712,91.83270017952023,-1.7865353418251682,1.1700487607147707,85.91683309535469,-3.760447880281315,-0.9660909400938437
241,-102.72756481423082,0.588827058691862,-1.0028847412700124,-100.97563082829976,-0.0644183206299663,-0.8376954624078369,-88.78006129122056,-4.546773014961968,4.570597402994919,-87.78904434609709,5.795599733121114,-3.304447112750783,90.67828593151266,-1.7446625780503677,1.0834047266072915,86.1373222969301,-3.7991699045934295,-2.5318499510329824
242,-103.76022216678813,0.5751494795716519,-0.3973497018197614,-102.04700031374311,-0.07584544034307268,-0.4158514391822033,-89.88459598693835,-4.657794436436019,4.937579680835258,-88.81162717467474,5.8694114812164155,-3.877281260523079,91.82012992298945,-1.796444245488628,1.2234181092581817,86.22762456599966,-3.8072318152788123,-0.9043911255971251
243,-102.62635396762933,0.5037721742747295,-1.082825573241901,-100.97678917060595,-0.025627019570335943,0.37977124583376315,-88.89647018592022,-4.567340730827257,4.279384147633199,-87.64036080914704,5.798719569584934,-4.366761282242515,90.66434176603546,-1.7887166805700816,1.2322176210936862,85.19041702059431,-3.8046153955562763,-1.8612135292267227
244,-103.30551123974354,0.4885077026118188,0.11871315603727839,-101.99983461749854,-0.03449987327541817,-0.22801331326945343,-89.91321183650312,-4.639556340626276,4.89985471727008,-88.57800534822462,5.895330843122996,-3.1891344606763528,91.8005116994063,-1.8153517460528237,1.1065133768056683,86.33745743370976,-3.832845996697758,-1.5519070053667567
245,-102.83050443538257,0.448791124869296,-1.4184321601208014,-103.01279777745815,-0.04770734033602894,-0.7425850069219331,-88.72269403208877,-4.511207822928766,5.0700762120088365,-87.90562496621897,5.866451194402249,-4.704036144659385,90.65721194530241,-1.7683950828377943,1.137756752878519,85.22710906896906,-3.8130788506355486,-1.1718617335444987
246,-102.18292355406325,0.38353041885627925,-0.028607703513061935,-101.93762538405134,-0.008027618037727209,0.02035834346518724,-89.80719687601662,-4.585936622969409,4.3599006045080495,-88.35009510368438,5.854457921148891,-3.1209816346745214,91.80447697688396,-1.7610533008616815,1.220786531373109,86.34353011838736,-3.822928592475059,-1.4219114199466685
247,-103.17071514220366,0.3773447948832564,-0.7749824705289161,-102.2074103912958,0.026555561822394394,-1.5721423225890572,-88.84007322192025,-4.553640085211222,5.4425226155372375,-87.91212531875526,5.84072477563932,-4.725579405544147,90.66686215211361,-1.7588358400164632,0.9813156604454079,85.44485158264641,-3.841306525002626,-2.5762687160455484
248,-102.28187510254675,0.35010515650850565,0.36341479561923845,-102.10465203460993,0.060524639716914685,0.004542718605477864,-89.82171775706257,-4.68325221275942,4.450414412635848,-88.78021243407409,5.885253217192537,-3.453936099874893,91.78651965486306,-1.7894750684429979,1.2486388800815797,85.79095122975937,-3.8891019613208706,-0.9784023493981492
249,-103.08783166053307,0.3133115415730354,-0.7390483921242872,-102.82856699319436,0.09474448689055573,-1.217616844609366,-88.84971844133436,-4.6464420153501,5.532428725708334,-89.33258042460392,5.932245154653742,-4.750252555866632,90.69613746881436,-1.785103934669241,0.7700421056582408,86.6839827398767,-3.9274421811425455,-1.924663286687277
250,-101.93377498806483,0.2655512826843957,-0.14367700309261053,-101.79320275924266,0.13079719632511116,-0.3442647678749529,-89.83783436593232,-4.728933501071588,4.537775421323507,-88.27284442007965,5.873269207135317,-4.223499974641095,91.62188858198407,-1.79961706647733,1.7205573194035535,85.69415060144382,-3.8978238204544926,-1.1914239779397282
251,-102.99664334848363,0.25190848647991093,-0.6534888615333428,-102.9011277358846,0.13646998985451092,-0.5022886466602116,-88.6675697658086,-4.639570952028388,4.687253709109849,-89.41192615710027,5.953743025928021,-3.7831073097990533,90.66390160857003,-1.7692468850004999,0.9141745708925935,86.83544341113078,-3.945473803153377,-1.3402160700036363
252,-103.83543996908583,0.21846703752061739,0.3067708367710484,-101.64704546637245,0.18065819729693858,-0.26677976064580966,-89.82371905051772,-4.761493411902841,4.743289066396169,-88.23629536923033,5.858464621552658,-3.9466330248262347,91.82039894287139,-1.8017215224291725,0.996414496333799,85.66847662078938,-3.915375519961903,-1.322896096313113
253,-102.79333220308233,0.15263181442871762,-0.4520539076691751,-102.58710258493642,0.2527852333119751,-1.3256024640735673,-88.63681844312707,-4.705966134440911,5.04355577358581,-87.10622216931858,5.780934185408844,-3.6115551180804273,90.66447292345065,-1.8011137047155246,1.2307683297977774,86.6163759989511,-3.9978512153526142,-2.1149730397378437
254,-103.94466831142441,0.10713154019482964,-0.8273744041282028,-101.70778233123744,0.29392570519038014,-0.23569402404917025,-89.7779071317561,-4.819188206514858,4.6611091151732165,-88.23416764666875,5.872528771394275,-3.7009050665307512,91.80499997031039,-1.8600003164499896,0.9554972542579878,85.82805353677902,-4.01445523246143,-0.9946348486239477
255,-102.75977824115567,0.06497733349780771,-0.913341781703416,-102.61799307843242,0.2852165178586712,-1.31329317426799,-88.64378676872553,-4.7018069145942025,5.215367817268814,-89.0886440838822,5.941650234323825,-2.4398168441372636,90.66801750125875,-1.7895869961729494,1.276440908189374,84.88762864396858,-3.9813309123658884,-2.071522450657419
256,-103.76249321810243,0.03193470290096868,-0.1025751506020553,-102.10863130977344,0.2984297606554954,0.17896715641519473,-89.75510051271121,-4.7626088638730355,4.503780387325978,-88.10069298182418,5.896656656427626,-3.518787148983976,91.7856422493454,-1.7677528538170568,0.8895207138108392,85.93489878942108,-3.9824271360980688,-1.2014971683245341
257,-102.66121123535457,-0.04999341818250582,-0.6073156776233838,-101.59449854696283,0.32816856836574554,-1.2504284302220103,-89.75975970792075,-4.773408538640483,6.1219649342043505,-89.06873756173877,6.010796566963556,-4.1452506747419235,90.65548457771524,-1.7343471287625436,1.4069164873688638,87.06767628050406,-3.9896766357385234,-0.6538859887270392
258,-103.8265045740059,-0.1016628501706472,-0.6598360421584786,-102.47728479567706,0.37125669708007286,-0.2013137464084906,-89.2823095504726,-4.781831967446323,4.696992412719041,-87.96623681371062,5.957213278516841,-3.723066804217274,91.61141962794659,-1.8091073157507462,0.44919816349163166,86.02558693559428,-4.023663156547301,-1.5378942627888874
259,-102.65370833581224,-0.19009678269724292,-0.5848914070570174,-102.30018963477264,0.4579862889346884,-1.8229313688013327,-90.05548994982469,-4.895603155082308,5.738847237962486,-89.11047763484271,6.023555581119505,-3.327122528224412,90.5979165532771,-1.8668816228745926,1.3590083269201112,87.14055180579417,-4.099310924072481,-0.9924591973392046
260,-103.80567486095258,-0.2373603369161012,-0.8988431098711174,-102.2147218787023,0.5045427673136338,-0.20258636184387763,-89.26756990893163,-4.854415773879562,4.640805673843555,-87.9231415482429,5.954165587914477,-3.7795402695711156,91.65845417383936,-1.8908743218353028,0.6094188107839621,85.98635045194732,-4.1042297378992485,-1.4801325844311535
261,-102.60183537184324,-0.3495857099788073,-0.6411939033279855,-101.06789014769011,0.5515951230659955,0.3996691894003995,-89.93550380184729,-4.907259639779741,5.865969557162636,-88.8874311546603,6.047231766473291,-2.7312529421976603,90.81483256402284,-1.8580194505290457,1.7819280677772213,86.03367224674875,-4.1089988627595035,0.13950041265250013
262,-103.6251465371048,-0.5050917280243093,-0.08380330071178427,-102.0775828406744,0.6790858305216798,-0.2849287361562914,-89.2677775330803,-4.850096427452589,4.648844508015074,-87.8609518024087,6.024688716261508,-3.7412912753130616,91.62933406112336,-1.8745570527595585,0.52978927097518,86.00542372824599,-4.110547616121992,-1.528426432029085
263,-102.48877108574091,-0.5910567519163317,-0.6922395409603324,-103.12653238785207,0.7165886822333747,-0.9164680304420978,-90.38860493002225,-4.974456405600953,4.911772326648374,-88.91648425452274,6.101234232661976,-4.258326941610579,90.71035547161769,-1.909251850940557,1.5784582508965872,87.12068316490185,-4.200458346535905,-1.7358384993237739
264,-103.5301567063602,-0.6249073720313321,-0.15443586775827597,-102.07420231549997,0.7617791493080106,-0.11140022298144119,-89.2826874525239,-4.939416085696738,4.595176594241977,-87.90455219897679,5.993349077891053,-3.6711383807010898,91.57780834682116,-1.9515260724976238,0.3818215998371724,85.9372291176302,-4.203757672119053,-1.9581450966347644
265,-102.57324722560168,-0.6555195994489844,-1.270015961361657,-100.8079490492632,0.775961883527082,0.056402367872563225,-90.41786942353,-5.030130045118546,4.784192658007716,-88.87169598250118,6.089654532095987,-4.4302812389229915,90.76066822205475,-1.9345835821369075,1.5277741128505842,86.85200649155158,-4.232573153728323,-0.8869094150225698
266,-103.16829871164276,-0.691540851887138,0.04336093199364205,-101.89048853566598,0.8169467729766787,-0.30438248767332043,-89.27338967955025,-4.9073935089739225,4.79072679703815,-88.14844948793814,6.095789959313076,-3.3403245836154416,91.6670734030683,-1.9248805745443396,0.37948211622845,85.66006836843067,-4.196977184816009,-1.1554147600053513
267,-103.17674764750195,-0.7083357067398919,-1.643747192448514,-103.06429216467741,0.8468853667512662,-0.1480245740326125,-90.41620921474778,-5.014490126376481,4.179029372812225,-88.87961564987744,6.132776151572528,-4.481335689698352,90.79258955857105,-1.9278520149048959,1.5038942889968059,86.70544696553682,-4.254336430432862,-1.6783492455773381
268,-103.50015196731226,-0.7490149975995113,-0.15288964148273496,-101.91298855434094,0.8975333985082424,-0.36206591552520817,-89.2801712132235,-4.96067866020431,4.724581599774899,-88.86605747483732,6.150209561606267,-2.8543246053964944,91.72941828665317,-1.977588810046303,0.4793906259073344,85.5907903792663,-4.271635779360919,-1.3288015158747046
269,-102.91113566051551,-0.8249428341056498,-1.6344618673527544,-103.07912288597947,0.9363911255069742,-0.25782429126026546,-90.3611948227903,-5.052613253505767,5.09749161952268,-87.89261776944323,6.144268790020986,-3.9746101707755326,90.72019899171592,-1.9500483915609117,1.276660722766966,86.12154626755486,-4.280293939408732,-2.735932554985262
270,-103.39131998650278,-0.873884164517067,-0.19956983099191594,-101.94619263769344,0.9351123837234919,-0.2739711038113457,-89.30585097757027,-4.932934723576857,4.5311318118268,-89.0524711144761,6.316610986363664,-3.3966251574288955,91.81244092844426,-1.9527721758420027,0.6357414920568623,86.4613631816534,-4.256483247192352,-1.1724538127718755
271,-103.24060820821961,-0.9147629401424421,-1.8330415548641126,-103.03626469387513,0.8930059353467819,-0.8894591694063617,-90.46860816334886,-5.005906006770589,4.471973902211822,-88.09759930630929,6.318152068793735,-4.564701870138157,90.80263867565284,-1.9264996478616916,1.3862676478676306,85.93367025935538,-4.204468121785594,-2.723733264104658
272,-102.95859144856192,-0.9489483587368887,-0.21804881013990723,-101.84384323394647,0.9160336975470863,-0.6155202761520714,-89.30061025760392,-4.930331082997043,4.661152553329235,-88.65720067219809,6.3914537902198,-3.0599093002526474,91.03738416807944,-1.9532999134365352,-0.3159046988124313,85.96253259979072,-4.154968200584929,-1.1029643372357778
273,-103.4503727767888,-0.9235285348749535,-1.746469968897665,-102.85814014229287,0.8960091415047443,0.08490466222516205,-90.4544203337415,-4.996572252847718,4.153365143338323,-87.82580828444152,6.353509013057944,-4.394590193429286,91.20048973349463,-1.939382799329169,1.2209735582231647,85.83255084399372,-4.135683109753105,-2.785927131194595
274,-103.48293874670061,-0.9580588137742408,-0.16131267688353126,-101.76886405263939,0.9208035561188447,-0.6089414735513009,-89.30659132890848,-4.964688780077674,4.504551134071656,-89.00711932556459,6.487459560747488,-4.360402287036992,90.06802583122914,-1.9244745259076448,1.0702018280298862,86.34208071937175,-4.143237466599655,-1.256440812938062
275,-102.62389217963117,-0.9680271485295772,-1.3660285839700383,-102.8606871568854,0.8978823808787398,-0.06669364245377515,-90.45651859939935,-5.0816478827057185,3.941356693362675,-87.8813889334591,6.499184098351455,-4.243327247151732,91.21026997585993,-1.9775011752139626,1.1486454414856202,85.38364015465928,-4.105786375495979,-2.38306315771558
276,-103.50761298629877,-1.0366960334796285,-0.40076116951886376,-101.75446033438523,0.9565927917683806,-0.6510320054868259,-89.31815232740695,-4.9988850241775955,4.332315796965284,-89.05433165621908,6.655068922752159,-4.032464365263976,90.03314210413872,-1.9401162551407463,1.2442738036465233,86.4701370673164,-4.10598038518883,-1.5801739951883385
277,-102.56925541386939,-1.1529670673427919,-1.5070277095359754,-102.71596403467598,1.051535554665393,0.21136001667139978,-90.47364409148054,-5.126550184856238,4.224317293954803,-87.89535264184858,6.62765422717535,-3.7949407469361898,91.19263802313324,-1.9634408007136308,1.0594535779501801,85.32712214889784,-4.0857418237381475,-1.4931527105007913
278,-103.32653989111249,-1.2601950354948972,-0.3260545606135964,-103.00022225667618,1.1836544842506147,-1.4077830002177647,-89.29873853045348,-5.114778917869087,4.5454032457862805,-89.0544557196595,6.699649574873722,-3.7210929027231097,92.32469678216755,-2.098871738130476,0.9736963802739452,86.47666644376784,-4.2274663755363635,-1.4026663795373413
