,roll,pitch,yaw,roll,pitch,yaw,roll,pitch,yaw,roll,pitch,yaw,roll,pitch,yaw,roll,pitch,yaw
0,-1.6527664684931265,0.04546236966473656,0.11158200471527552,-1.6483564648351063,-0.0554413832625154,0.04366421257687549,-1.6530626194077382,0.003993464734272919,0.08799875101402069,-1.647826066820324,0.014904339328602844,-0.021925265873761996,1.6323025674731653,-0.030648860106801023,0.02998965371693375,1.6209822045505744,0.00710010128939438,-0.023481842715780563
1,-3.3102416512673685,0.03226601459884358,0.18250115649086424,-3.30329295546422,-0.057525044954428894,0.11252462113394504,-3.265832512613234,0.05009350251796426,0.1561755045286159,-3.2848870890875284,0.014042975948364546,-0.0812506112975259,3.2536479524018502,-0.04814022557307033,0.11178216242557286,3.244136870036774,0.025585169113569405,-0.049519759429254365
2,-4.963547729829462,0.098215858292373,0.21902403954287655,-4.962472125296228,-0.11118582130039051,0.0959069455217808,-4.910249848742966,0.07521978698719477,0.23739819510838253,-4.9187623969480985,0.020332537065052923,-0.09932581696371869,4.896922180905847,-0.03900769689822558,0.15866086794014797,4.879391987031882,0.03046945665637607,-0.07622842052379053
3,-6.662711460022494,0.11365922539164011,0.24526418741812667,-6.616007160913323,-0.13057506192896187,0.12451663724776299,-6.576375052627786,0.08730095556928037,0.22602156217228572,-6.563647514789176,0.03372402167064989,-0.15906018187697366,6.539315279091258,-0.03705010556664129,0.2475291025399995,6.531971076695024,-0.014563665300851946,-0.2067513468160363
4,-8.304885429140736,0.14857109036876417,0.2849930985090363,-8.27780128576385,-0.17708004967375435,0.09329519088443136,-8.236374285561823,0.09795096166629193,0.33353720706564594,-8.152720430466653,0.042793235491173816,-0.15319895716581336,8.148398430361926,-0.030993809028076927,0.3148246932025713,8.173232043766916,-0.03333801089375908,-0.24456494164877834
5,-9.935673687281572,0.18489040612399418,0.28491133447827705,-9.919694041549276,-0.22076637868132395,0.1073925940745605,-9.869603298143113,0.1106642650486349,0.4025605456097542,-9.768423855904595,0.03910312016103101,-0.19753206656369157,9.768424706942332,-0.06603345945343916,0.3109808879082273,9.796113678819758,-0.03282167679778534,-0.26664038205502494
6,-11.54017540895102,0.19497652266829832,0.3264668577035564,-11.503612409488586,-0.23558271642908774,0.10015945579074914,-11.509339025864072,0.10936841471981305,0.4986171993994686,-11.381955759155401,0.03137631634941122,-0.19953698196398378,11.389738474267753,-0.07467690978548613,0.37750859623517957,11.405070596386164,-0.035590525210853076,-0.3510517893952967
7,-13.146192984936704,0.1945997289803835,0.34242088511558705,-13.10942889327406,-0.2599393465181734,0.12287421370922383,-13.10826376853199,0.12209656193363924,0.5653624987348568,-12.990151394901211,0.033180775581751414,-0.21093235723261844,12.977620727878772,-0.10192886646066834,0.4066215602829623,13.014634736314616,-0.04736565057388926,-0.4097444415644588
8,-14.720369626588912,0.19585668735073217,0.4140631455557908,-14.698847541641243,-0.26567280513996383,0.15220991556790484,-14.716641225121627,0.13026230236500194,0.652207690106072,-14.591479771111617,0.0471746125012667,-0.22013697306950153,14.59202542245938,-0.1175792813289218,0.45378259794406006,14.60375974581624,-0.0631414058075422,-0.4440082289678735
9,-16.30151784161528,0.19328807111032031,0.45307084069094805,-16.280208350819006,-0.265877682550805,0.19495535215120993,-16.330277771870037,0.1020006436138164,0.734680571122364,-16.193493216204295,0.057106618883746046,-0.20884629144864628,16.1624667056035,-0.13884686845736205,0.5034870050157219,16.195904281096485,-0.08489044095587547,-0.4837540189581417
10,-17.875660576246023,0.15256190022377,0.556438735118735,-17.813190982886287,-0.22435514790303202,0.28476307085364433,-17.912307989516023,0.06879459888160507,0.7787948863618334,-17.782930639633975,0.09965898569608295,-0.2780859209105247,17.725656608462778,-0.21153236441719225,0.5954708071304486,17.766260647927357,-0.08693808421202014,-0.4995461118023647
11,-19.479669060179678,0.12694757738851617,0.5668030388343739,-19.39586125367982,-0.20652209501212243,0.31250756043338884,-19.464872330835085,0.0704888004832538,0.8370032892684522,-19.359762899355932,0.12782873300297745,-0.3174511800378979,19.324975693775347,-0.23276422355118442,0.637013599408746,19.33538108846122,-0.0810272088912297,-0.5448736778914276
12,-21.083029755984192,0.09421167043702972,0.6337350677387866,-21.000555393194393,-0.19028356282114586,0.3863001721116033,-21.043082508078616,0.0770979869965848,0.9285215869489315,-20.915293474631763,0.16506932699420065,-0.3329784447603567,20.91045190941226,-0.264045140091726,0.6915268922401075,20.878154781666705,-0.11521987875645714,-0.6069478037337068
13,-22.677298396961536,0.10091696493265255,0.6663616181060518,-22.63634157354544,-0.18664986846482126,0.41569157402388596,-22.585785029235115,0.0586511153453559,0.9875933030246599,-22.45477104246284,0.18173850781704012,-0.38081282742184586,22.449567699446483,-0.30155645229553973,0.7606082004944594,22.43740343773669,-0.15706082935264504,-0.6701446690818456
14,-24.256479975331477,0.06071913723168228,0.7413411117348592,-24.17702568964138,-0.17112762276777513,0.430763524126391,-24.139510409330146,0.04377359640761385,1.0336669215477492,-23.98423378322059,0.21108791349623274,-0.43936084062269065,23.988962970161445,-0.3642292867005932,0.8623069631402956,23.991653874196626,-0.20349295232670045,-0.7588018165555225
15,-25.79822835611948,0.052683081710932333,0.7487405794319092,-25.725182272348214,-0.17712671670497795,0.45532012826552204,-25.659297306613237,0.012710116795445679,1.090913342317512,-25.5361601866894,0.25570904191346583,-0.5148463232951697,25.50779434191728,-0.3873742985771637,0.8880525697423461,25.527688315237814,-0.20920693093210654,-0.7595453505110394
16,-27.322896592588634,0.06545542648949297,0.7711732699912757,-27.262932407784515,-0.1992958162970158,0.426637277164318,-27.178405514133825,0.016706714542310645,1.0817687067471027,-27.036480631067906,0.2818455614692613,-0.5846592554902283,27.042857012986044,-0.4386665262808474,0.9999518766699611,27.07051716880311,-0.3077616609049722,-0.8501368320381271
17,-28.84013751476871,0.10536152174761798,0.7675664123787328,-28.79522136417361,-0.21402629051163505,0.41763958111371985,-28.722744714578738,0.006347012398454517,1.1376735330240426,-28.52357340639986,0.3067944217221909,-0.6002257846495891,28.534334094714893,-0.4388111814332673,1.013247588364696,28.605205242471495,-0.3347800253991503,-0.84592767338876
18,-30.36689141063229,0.12374768433662128,0.7590286800644874,-30.30345005414946,-0.22034161808638017,0.3703632072763418,-30.248176364497244,-0.03176356181568105,1.2072817271633531,-30.001521312561742,0.3236956044122069,-0.608186868601855,30.005508200391784,-0.4262799527381152,1.0086272687919373,30.106279819678154,-0.3261964672819529,-0.8602312488936206
19,-31.85246755422954,0.1778272749815786,0.7201110263399959,-31.809130038538736,-0.24276175292506655,0.36749889584950357,-31.751128698637626,-0.08816426313785113,1.2852379645349408,-31.500773611686014,0.3496844613309244,-0.6761489956597222,31.491044768336696,-0.42894540658761066,1.0319038421007816,31.6184404658182,-0.3447305478035347,-0.832862929000591
20,-33.34351482255821,0.16834353038935973,0.7096548669895643,-33.29123771214997,-0.24307066162130753,0.2966537727304288,-33.26691009177166,-0.2325399078000314,1.4791188486120557,-32.96258623809086,0.30526178234870904,-0.5444997778396302,32.9514574695375,-0.40245012030812766,1.0267570494206744,33.12083511642401,-0.35418227628501153,-0.825924473537649
21,-34.82513364413174,0.20867772095460768,0.7004469269788173,-34.80194530828085,-0.2834825341569962,0.2913247260450844,-34.727237519510716,-0.213945778100828,1.500493246737896,-34.423908079455266,0.29405329953659737,-0.5182814615189822,34.40323184903057,-0.35467075612629856,0.9724237421274123,34.5935082449973,-0.2973992026365489,-0.7797186249770157
22,-36.329962700441534,0.21940129969075786,0.7386869046929773,-36.27426604491285,-0.350994643619469,0.24556956128842236,-36.208455640429335,-0.2261494186937089,1.4913574277747708,-35.88535915227301,0.2877576198027564,-0.5173183122237579,35.87611047038879,-0.29894659423185604,0.9587483236679492,36.07226957687239,-0.27936171966402723,-0.7168522061221005
23,-37.77067848024661,0.28752298800981235,0.7138856806154029,-37.71560876670958,-0.4269297962194058,0.1833321187134597,-37.63450937402801,-0.19487872468412845,1.4515428583806187,-37.341026621634136,0.38043103089337754,-0.6653265713472031,37.345222976465585,-0.2736462315460708,0.9328031727963326,37.5307070762096,-0.24134730570200122,-0.6538858327306969
24,-39.23607199054632,0.34756350225472293,0.6507234535196015,-39.180666338234005,-0.47429213467745823,0.0969474006506513,-39.075054621061845,-0.20135296153346458,1.4818359572008282,-38.79036501009195,0.4301101047092782,-0.7306205407671699,38.77113944057234,-0.26180440409469524,0.9261238051824653,38.97976545972299,-0.22937858043063475,-0.5925536426733612
25,-40.71511540453142,0.31942583049104145,0.634896554509637,-40.62016791869734,-0.4390564662478673,0.07123872188402305,-40.52459181210117,-0.19172652956436753,1.4839071103085804,-40.24929308049573,0.5246221564521881,-0.8150738228886402,40.21204974091084,-0.1915643266784555,0.9049429510049564,40.40267424973056,-0.17171254765920207,-0.5329518089374569
26,-42.1481446822601,0.31305666683248107,0.6186604358269198,-42.08997145825362,-0.44077818701305016,0.048429078773042755,-41.965444230481474,-0.16273713018521777,1.4802803061983085,-41.698718173502506,0.6555814583850841,-0.9121273341725797,41.65591551274204,-0.12734503167505107,0.9029379793657744,41.81156147525227,-0.13440596713528913,-0.4839217221716313
27,-43.57064273193671,0.23144494103127586,0.6322696722869053,-43.511484548004205,-0.3971633678409275,0.017100284098811813,-43.39368486090692,-0.09556673173034669,1.457731291466405,-43.1555175622586,0.7613598748860056,-0.9658393966702465,43.084158430587586,-0.06180263849226552,0.8612435727837223,43.206630233679796,-0.046595612801064404,-0.36598390140574827
28,-44.974495110602724,0.1573895691319913,0.622445130666318,-44.901500161642346,-0.35253825039461617,-0.02246243194435025,-44.78870691474008,-0.07196293982495412,1.4617436120176315,-44.587598455182345,0.884770739139499,-1.0385828135290807,44.494301503882205,0.010760434333969442,0.8312705882967778,44.61742777522502,0.004008524424979167,-0.2725545234393108
29,-46.38682619730362,0.11637064562427177,0.591440798414204,-46.2466864706921,-0.2913950242886827,-0.049154722727820996,-46.199837060489344,0.0432442677351455,1.4279242282131925,-46.01457077575354,1.061663947952486,-1.1820424273826269,45.93010455820068,0.07809173708698731,0.8231811961663764,46.030523412518626,0.052544133955029944,-0.19199288754813418
30,-47.80213832415018,0.06646066135599371,0.5280173848826233,-47.63764322920783,-0.26969272364872193,-0.12689771477658426,-47.608811716338664,0.14427401214245117,1.3986032756845832,-47.402761302823556,1.159007464337856,-1.2880927043754322,47.288549464552965,0.13015917150322828,0.8473509578148819,47.45059675568328,0.02867917728358007,-0.20703537106168568
31,-49.16056922627874,0.1041269298696265,0.4347054940725781,-49.017871835744785,-0.2838448458090115,-0.23702954986877067,-49.01745872120917,0.13732729120636644,1.443747983873668,-48.78243676081444,1.235777740924031,-1.3255150736629204,48.67294992304011,0.17383331061042528,0.8683432336978454,48.831516289713555,0.07323911572389882,-0.16642103912933234
32,-50.54519341670081,0.09384851496348123,0.37031583148280006,-50.420725934297366,-0.2416442411331794,-0.25413520260272365,-50.36945520898734,0.17440704752913197,1.4361924888608972,-50.153578841969896,1.3539227546743906,-1.3624022232273874,50.02647920136967,0.13081778801416197,0.9945575365414195,50.19265054981106,-0.03162536753927983,-0.24717089186215374
33,-51.907728493598945,0.020512764356216212,0.38302729910817696,-51.829863465976125,-0.16856023533782433,-0.24356342351544463,-51.73761238110101,0.16259502116542282,1.4988941658226957,-51.492225632693554,1.4171830064724615,-1.3218463547249883,51.39397945818268,0.05581457739672742,1.1376292591302168,51.54858255244105,-0.13088167959893326,-0.37222670178468714
34,-53.304188495318805,-0.047591842679833615,0.4355970199724804,-53.21166171149153,-0.10952306661355826,-0.18157389252024553,-53.1113643991022,0.19261816136498722,1.5645234119908555,-52.8229300111821,1.54346513272183,-1.391520307363666,52.73884479223705,0.11306983203266215,1.1821503142221503,52.90887272303887,-0.08747529696089043,-0.3497034396605924
35,-54.67854761567496,-0.10639311910896619,0.43862534227799727,-54.56261082656804,-0.10056682970144021,-0.1856435667996927,-54.46872022083185,0.18058750264514678,1.6197934354434773,-54.150815230682056,1.601957002044238,-1.389086999309302,54.081418402343616,0.08914357631076472,1.2517592613164683,54.260466717642835,-0.08631102008985464,-0.38335549662523943
36,-56.032673195807284,-0.12241218221283622,0.4283397613301267,-55.902977418896235,-0.08655332417632064,-0.15910425357049313,-55.78489454319413,0.1764114084665686,1.6580519087463788,-55.477526665971745,1.6872122222916963,-1.3899557974006869,55.4289513080699,0.0743968127848224,1.285929203552137,55.59216179915941,-0.05751850548846056,-0.4047135998221535
37,-57.32804488859154,-0.15982773897908484,0.4830809875299265,-57.21717554902963,-0.08801153116788209,-0.11462965481340302,-57.11615728419046,0.15623137041979798,1.6766526206686974,-56.80386789394254,1.720566940602623,-1.3620318523377395,56.773963421924876,0.07611959383010222,1.3171210002972122,56.929890415643165,-0.09572867573584472,-0.4414756324774639
38,-58.569685401571526,-0.23387601036577027,0.5460145539028897,-58.49475299043233,-0.0687926274237791,-0.0469964431435309,-58.467966615342156,0.12206513554993663,1.717435991076991,-58.11339468321476,1.7123903309548008,-1.3220123484633597,58.08253101367806,-0.007312294309996608,1.3380830946181732,58.25027459877506,-0.11983659498695443,-0.4917440139328375
39,-59.83859539899738,-0.34037672159807764,0.6095539598871906,-59.79256966943435,0.028566061925331003,0.017769936602664318,-59.79911323574621,0.08662662979135093,1.792748609214297,-59.43521647681653,1.7079337548718103,-1.2800553483816517,59.42619021030626,-0.11734008620320513,1.4081186721396723,59.54036745953751,-0.14750567153761926,-0.5671750019242363
40,-61.0979267737673,-0.41550956820227414,0.6660176479237537,-61.102160512303804,0.06597086285279921,0.07118661595159387,-61.122885764950894,-0.016073368975711193,1.9053985023412712,-60.74223524024879,1.7105795641293848,-1.2590732584765727,60.76327280133368,-0.15886634837678015,1.4276837530979996,60.83452027174842,-0.14095926850644858,-0.6265143186702077
41,-62.401334723042986,-0.5061640396952835,0.7289176048324492,-62.41783399451365,0.10683610325725698,0.15366297070213494,-62.47133021286454,-0.09720259257266552,1.989685980562253,-62.03574505219595,1.6879935285451235,-1.2102398450184297,62.092747308915676,-0.2651343020607946,1.4497628307379997,62.1255301731152,-0.16508049286725807,-0.6706917660687481
42,-63.69015699864046,-0.5630262896342713,0.7920067332429265,-63.69815293144905,0.13064214420771453,0.1894299890298428,-63.73829904932094,-0.11076805966511999,2.005872909975749,-63.32591638586439,1.6973927661793697,-1.2227287018378605,63.410399663533504,-0.31628874731826734,1.4607280741708661,63.3962816943156,-0.15358848275597706,-0.6868981388362249
43,-64.93355675050309,-0.5809263740748084,0.7922505291535727,-64.96162980093773,0.10051685471419312,0.24667320722225322,-65.04885298124056,-0.17019458749649172,2.092034520335132,-64.5904576819171,1.680353541982199,-1.1966247117384312,64.69907780684713,-0.3924229925044548,1.4632771916094716,64.67921410170239,-0.16673894698596006,-0.7109888009793248
44,-66.20661362719498,-0.6294876441062677,0.8451135146979698,-66.20781167154028,0.11293278521823705,0.28225232766992375,-66.31744994723813,-0.1816235268156501,2.1304163297217165,-65.84430657416146,1.7126976321413194,-1.2004533087548839,65.99864540218499,-0.44779345015296607,1.4894352437958596,65.93860562900457,-0.18361163467306912,-0.7799338508095875
45,-67.4829972993704,-0.6445442002588586,0.8673420734433782,-67.54765668979108,0.08521182141917592,0.3300046449878691,-67.58803947677072,-0.22010118625521422,2.1880538175119453,-67.09620503706729,1.7195260678691897,-1.1685850236666406,67.27297853428595,-0.5167047809722565,1.5047437634452825,67.18421564462942,-0.18817844780139886,-0.8149568814062517
46,-68.76753626893722,-0.6372434217432259,0.9549032828369869,-68.87560461958469,0.028646231680960876,0.3772786891275064,-68.8810724088982,-0.3345035520820424,2.2684505520213123,-68.3416218074085,1.7267285279097582,-1.1401688580244103,68.51696074296879,-0.6170185500788983,1.543053290267949,68.44679660174461,-0.2185317507782218,-0.8429004345128427
47,-70.05159116422949,-0.6463519198315582,0.990060714615169,-70.15909419595647,-0.02333676663836008,0.4549550823781287,-70.15661026745242,-0.39126960602000876,2.3439580942733635,-69.56613334441082,1.732929466087685,-1.093121048647699,69.79518492809075,-0.7246240021778234,1.5860501947227168,69.69634138232855,-0.2690689343614436,-0.901410544217269
48,-71.37274217838255,-0.7077726939518456,1.0561912548921883,-71.42389461762026,-0.007949049163089889,0.4978980058377938,-71.41685082202756,-0.4905241834598984,2.388626478864234,-70.80998963259906,1.7252389742345169,-1.0749428104237069,71.0607460594232,-0.8076090994343558,1.6397636075229653,70.92750092001049,-0.3005158344231367,-0.9145943846639529
49,-72.68742958764732,-0.7359926291892008,1.052799726155053,-72.78859643348271,-0.010589120227378606,0.5103503079042591,-72.65499130940783,-0.5216037901956665,2.4753340628896314,-72.03623828657958,1.7633833190129937,-1.04246261474976,72.30393269823176,-0.8244020447268204,1.6842780862926554,72.14362006615676,-0.29679510156785927,-0.9527784633236474
50,-73.991849774203,-0.7271390418220316,1.1148885669064084,-74.10712954240634,-0.006876062554633619,0.5169744319723222,-73.88138394264739,-0.5298100601680794,2.5090524655806696,-73.27481336808466,1.7934974842163813,-0.9835426285076452,73.52887344693127,-0.8693525184356126,1.71099359599749,73.40089855241685,-0.3601772652854254,-0.9581288467787415
51,-75.29484342755786,-0.7395657380939271,1.1718555537402608,-75.41031617337936,0.009574296064604658,0.539072244329786,-75.1129572932003,-0.5766923895764785,2.5494731616396806,-74.4801490149447,1.8419850945192302,-0.9491346636474822,74.74827991571439,-0.8998317720909563,1.7351463345838862,74.63527554587823,-0.36180813252827293,-0.9310348959571985
52,-76.57500377819692,-0.7688673946797856,1.2080029960939578,-76.65165756108333,0.018099712830614463,0.5383727678254517,-76.33632649479632,-0.60928924783071,2.6008773076668503,-75.70128990191454,1.8831192238415413,-0.9610695063520257,75.96955219219092,-0.9448138662913839,1.7301344381642232,75.85330257560094,-0.3710515000772836,-0.9623815715263478
53,-77.81516693696386,-0.8856002035182967,1.2702579601687993,-77.91749920245408,0.09390222222452674,0.5949543685863089,-77.55057349747788,-0.6493428309374286,2.657516975143553,-76.9103148014794,1.9028263349655616,-0.9088437549377697,77.19846570309966,-1.0194857041529326,1.7611915259373765,77.05936994865051,-0.42181223594992157,-0.956114654699828
54,-79.08361079606738,-0.9294043014361273,1.300694641711452,-79.20409532877,0.13114914714898293,0.6454685280457373,-78.73936466903336,-0.7474013673169131,2.715669044525889,-78.12052951579854,1.8928917479308787,-0.8850100961759987,78.40958986243426,-1.1135733436311084,1.755515411973636,78.26789319079967,-0.4783440341168278,-0.9399423402919934
55,-80.35504989466786,-1.0103216470855307,1.3039782859866391,-80.43011354468516,0.18022054653493838,0.6798099188905158,-79.95408389562878,-0.8193580511276551,2.749157366855019,-79.32117981008314,1.8876817733371878,-0.8483489526999654,79.61172800847125,-1.1627634055788119,1.7771902761980867,79.44891444160709,-0.47255533712260833,-0.958393079118117
56,-81.59839956194966,-1.05457268211886,1.3200017936802773,-81.67643509268828,0.214497594965838,0.7214319613246533,-81.15209965690315,-0.8323679599549269,2.7910614835956884,-80.51127285649764,1.9528723176313656,-0.8772974085938579,80.84783826863433,-1.1861984466131954,1.7809406814597895,80.6408050448844,-0.44225043202627934,-0.9619982953190759
57,-82.77694903987268,-1.070320795913816,1.3193860403617492,-82.86522701935905,0.20490158800027847,0.7158196774329009,-82.32259223388796,-0.8979682079672426,2.799695388300882,-81.6591705030576,1.9684024324726477,-0.9075721174241856,82.06209434484443,-1.2057291244006105,1.764855219087027,81.79289757287563,-0.409202247138837,-1.019931702230562
58,-84.07157877853479,-1.0952452893105349,1.3480396535609467,-84.06630839334663,0.2539853741490996,0.7312700339815544,-83.51167968718275,-0.9504323322331585,2.839449401969057,-82.82543323042233,2.021126751629225,-0.859029840134439,83.26601977910748,-1.2575574118483364,1.7978557942645588,82.95687089959198,-0.45410260621976,-1.1823905815415516
59,-85.29934957880076,-1.1436563875639194,1.3706548143849246,-85.35375531926199,0.30370454288682064,0.7839054299201947,-84.6937393599037,-1.012701775647594,2.9104155912054335,-83.99801220771634,2.0000283990985173,-0.7078269909859001,84.47552020680419,-1.3375544099034284,1.807589801398451,84.15115277192339,-0.5211881944884319,-1.19092210874623
60,-86.56880831124565,-1.2915775853699838,1.491848822205756,-86.60955823684588,0.36949002865589375,0.8799507701395091,-85.86948785073402,-1.073212973712292,2.960811927819184,-85.1267778772264,1.9999346058986167,-0.6815857744157454,85.62919859268385,-1.3801101109356415,1.8003467613987731,85.33051109570408,-0.560242055327248,-1.015172287941521
61,-87.79646297490396,-1.373119025444367,1.558237898958923,-87.83782131902298,0.38738151980171737,0.919606000620108,-86.99925134333648,-1.1574880904867022,2.9504953341132603,-86.23150881070363,2.022092440523781,-0.9844184148063334,86.80515597380013,-1.422022068873863,1.80714799353119,86.50545467065481,-0.5712469349038231,-1.0314418654100812
62,-88.97806428337873,-1.3639374660872918,1.574154411577696,-89.02691653038133,0.3824024618170939,0.9194103424294863,-88.14162929384962,-1.1778528381055395,2.88744715776036,-87.37292838066037,2.056998020861774,-0.550656809644098,87.95918218187946,-1.4782461234376185,1.7668409759497845,87.60630306317032,-0.5589035736134403,-1.4331922447322079
63,-90.15302258779352,-1.336416665803967,1.5367444145140092,-90.16441291197432,0.33387724155824267,0.910549844060768,-89.29726478140323,-1.2213625925720248,3.0720350399595593,-86.9177796621871,2.10541307393406,0.921863679978954,89.13002635301847,-1.5051406247300136,1.7229446914174709,88.7427922289206,-0.5500136684004636,-1.3223094590754256
64,-91.3038523967961,-1.2926476144246115,1.549692990904956,-91.3193695932061,0.2862479472273746,0.8911346974757535,-88.65439698920946,-1.151203315935959,1.758170217678933,-87.17866691035762,2.143701118734056,-0.6628105022498997,90.27756841236929,-1.5138928058788714,1.6791117596820933,87.67650566596771,-0.48143846896719833,-0.6220337140335697
65,-92.43651683223199,-1.3077778265817344,1.4511844778242784,-92.46267082824244,0.28958638284698035,0.8623839493389908,-89.21346940616152,-1.1174911187438035,3.158950813947658,-86.74537550607607,2.121815674794506,-2.2011696450044256,91.41353462010414,-1.5534092229061502,1.447190948124909,87.73916314514757,-0.49012733835776934,-2.25457332840749
66,-93.59293773430139,-1.3980417528198397,1.4921249911318106,-93.60665681974169,0.3313452017048114,0.8336023116122345,-88.29455970103163,-1.1377513098740952,2.2337842706187514,-87.21651636369356,2.111651994400399,-0.6629306304526068,90.28200488314913,-1.5818362164196837,1.7616191596868584,88.26243470025628,-0.5470705778210857,-0.7809828914608269
67,-94.7585713397871,-1.5035261741090615,1.5086683765952311,-94.81687212832408,0.44841976343305207,0.8793972535561269,-89.35028586717587,-1.169311722743455,2.8267649924681635,-87.11310310381795,2.1154838717454996,-2.2876997212190466,91.39346242276714,-1.6308626472476373,1.339593663303629,87.59860815346701,-0.537738369436462,-2.1550037540900506
68,-95.93361257248719,-1.5682626042772783,1.6979482103840315,-96.0519778043226,0.4570818710695862,0.9466247007307862,-88.20650317049234,-1.1377406912263723,2.820218260056151,-87.1382904606529,2.138664709710455,-0.6322843396775354,90.2268865864733,-1.6399227087220596,1.7042699588690267,88.0322245790198,-0.5507045410892987,-0.6389626035123717
69,-97.16972918751101,-1.6394459150297718,1.7443440756758144,-97.24602291533238,0.513644926992997,1.11589478159883,-89.36624059517209,-1.195908181574179,2.864973148703663,-88.21838725677286,2.149333992693456,0.01058048941534558,91.3643430035465,-1.6980059310340554,1.6985289107094819,88.67868132595463,-0.5353310198075929,-1.9778075984137284
70,-96.07588244677804,-1.5800414583905094,1.4007712574594549,-96.37463514910219,0.48271569131113834,0.13102722847533094,-88.26256656975663,-1.1188256118495108,2.395183575483052,-87.27796371512414,2.1461563241103474,-0.994424468038882,90.23675297295729,-1.6572224114759242,1.4650668930149975,87.59958243592983,-0.47606348757510675,-1.3926482022227382
71,-97.13418197347937,-1.5561662970490486,2.1122023945932424,-97.10288290639488,0.4326936042511262,1.385119570507105,-89.3374413722263,-1.1698021345583187,2.959541955358226,-88.07418171974358,2.1356780726089712,0.25090781339498874,91.3474343375144,-1.7323823920656487,1.8152523852901763,88.6693588488245,-0.5427919582319766,-0.7583992869480356
72,-96.43551676932086,-1.540243876000089,0.8643208755675666,-96.89227316240029,0.39722407448389735,-0.21029291580342732,-88.24180053538407,-1.0718239076466225,3.4570953021849933,-86.97342506656688,2.1884841982461616,-0.3811287144124946,90.24079422241624,-1.7003363758479577,1.3569172943563697,87.53233973764942,-0.5498116171759667,-1.0219776571615702
73,-97.38890782228115,-1.6130937525968903,1.7553399374694292,-97.18328392849689,0.4232832892265559,1.3501384270829433,-89.24054171699909,-1.123419941037794,2.510664476585894,-87.91891430313308,2.1781229327163265,-1.266225581428209,91.32328594467701,-1.7372892893486522,1.8785897776876526,88.61405745969688,-0.5838176080412874,-0.39227923127957637
74,-96.24058113390385,-1.5613851126031504,1.461318808779043,-98.14984271818895,0.42771608766961805,0.3556033293990531,-88.37185481047557,-1.113966430542468,3.594774965389068,-86.75339719748868,2.1213883831477696,-1.3256074895502106,90.17669894117903,-1.710128133190596,1.576902596677066,87.76631783709409,-0.5465908077858632,-1.556242714115573
75,-97.40477992402265,-1.62155215887744,1.4005799151924139,-97.0387529506855,0.4688868991119658,1.0271403684262255,-89.29407859319132,-1.1510003099053168,2.6173271678202736,-87.88639880634908,2.188983755597379,-0.8187100494664815,91.30912138397117,-1.7257748255696952,1.8994420579429354,88.82464573389187,-0.5094159935077863,-2.1423620809100585
76,-96.46900384229183,-1.636383045987733,0.4246997978445787,-97.86162284929823,0.5097551764403202,-0.07414362037139197,-88.26785283223866,-1.054974277633662,3.3193502934042205,-86.87295372737194,2.2079772119825454,-0.09707707715456805,90.1685378757736,-1.6951682348485435,1.5342898033177486,88.41064031755396,-0.4784031487742568,-0.644753139449888
77,-96.47821315847595,-1.6267625171210376,1.999153242630572,-97.16576589374623,0.5067531977459295,1.2255384764044155,-89.35898897722194,-1.1020492919349314,2.6639934182484915,-87.33868883552664,2.2335556308260416,-1.5766436390838527,91.31470158935117,-1.7210775417066742,1.6373631709547833,87.93838101128105,-0.44322502187689655,-2.1700707907569154
78,-96.71522501007486,-1.6538697776054567,0.3768538941942915,-96.23795294829775,0.5107148773187834,0.3156080231611746,-88.24004271621014,-1.0888780827632212,2.2850574664915717,-87.80681323297492,2.239270776092574,-0.07375877149679949,90.17769547292382,-1.719445825367539,1.668037886622148,88.61805472435833,-0.5059773680044776,-0.8268726683860786
79,-97.46917549008292,-1.6850166276090175,1.5745454323747903,-97.04829264151078,0.4946565650642684,1.4907204920909165,-89.33448238431657,-1.114580119920071,2.735035015287294,-86.84718640024222,2.244608203215289,-1.0690766739031972,91.33337228424593,-1.7344012104420967,1.639315562911417,87.65795485234338,-0.4703355202346784,-1.7512760501392106
80,-96.73551354801997,-1.7395777041517269,0.3617140381341025,-96.41527755737687,0.5191347944475246,0.1306950393725754,-88.19283693587363,-1.0602365454880647,2.4985089944898844,-87.98230866100394,2.2848720606116086,-0.9830777506196028,90.18748965327943,-1.6904943001204789,1.4468976834277298,88.64655418034414,-0.4836049165547049,-0.8910981226582425
81,-97.59835783842934,-1.7286475559415753,1.3791172512942182,-97.42502470219907,0.5108880460686663,0.9661417465354616,-89.34943524414285,-1.156573496704485,2.618484259648719,-86.8314201897423,2.3026051578379985,-0.8567718002772313,91.24608007151217,-1.7793323709796807,1.916866581215917,87.49611068264511,-0.49450235612731236,-0.8783743328995874
82,-96.52452014924944,-1.739649603517159,1.933534828056986,-98.35904662345304,0.5441184324078754,-0.08128198869638026,-88.20125638853622,-1.0953400336141152,2.366611425820506,-87.96034679951696,2.354422709660436,-1.1198865828536477,90.11607151294805,-1.772190270400284,1.4837351791622018,88.6558170511001,-0.4936189239150942,-0.8167902452285917
83,-97.58211093366984,-1.765330055255312,1.1837772635001649,-97.4043320449828,0.5369511701427243,0.798060678995182,-89.34989549299964,-1.1134192996180756,2.690242159372698,-86.86916304245702,2.326788371142193,-0.654647935248554,91.16562525738297,-1.8394284393501794,2.0758653474226167,87.86607672276523,-0.4538558291323472,-2.059596630094531
84,-96.70776229317458,-1.7827842891543868,2.2425859662038343,-96.4927645741053,0.5502769597523341,1.7288814512560997,-88.21460539518976,-1.0555944539351494,2.4777415420176383,-87.62425002038889,2.332962057165124,-1.8166788733198567,90.04576154594604,-1.8540763958129431,1.6168517840767078,88.25728832527244,-0.45524542800595225,-0.5218804926189724
85,-97.7025927135697,-1.8275555884939847,1.3195001821620858,-97.27048659844041,0.5690667392778032,0.41222426377929994,-89.38597713701034,-1.083928569855029,2.5024804206875775,-86.9486748881603,2.292216746724601,-0.5679008656495544,91.16808535292645,-1.8526945220517015,1.552542785824301,88.42412588575975,-0.4266856702215559,-2.1508466460335374
86,-97.16185281608027,-1.8308044533667558,2.7697811158748635,-96.44655151027524,0.620393438815424,1.577688654950568,-88.40599741213846,-1.0085739877614508,3.296043811223819,-87.81394290319881,2.292182777495642,-1.599135406751097,90.01140059367121,-1.8359701868297358,1.4983939063409555,87.77280993728874,-0.4371901482023273,-0.8342163423130863
87,-96.89023653248604,-1.856377454199612,1.1731858888102942,-97.41421857190711,0.6604795375608733,0.604025971475693,-89.37707936421768,-1.0498747807301678,2.348030679208325,-86.84007500020591,2.258514048147147,-0.8340871744542167,91.12767328468107,-1.83456475131644,1.836444879348157,88.41546358767997,-0.44788936518526395,-2.1877116675757637
88,-97.35332803170438,-1.9194722002883884,2.6678545448142024,-97.44045722666027,0.6957574207912608,2.230145687033933,-88.60591546235834,-0.9721645991217149,3.578887560858481,-87.84162602888611,2.314852144510715,-0.0077127832654400215,90.10909010206362,-1.821934584740798,1.1868563518368949,89.16018035188188,-0.4861191148174334,-0.923818782596815
89,-97.37126056703984,-1.9128604345290547,1.0522869235931187,-97.16588311277056,0.6949283625739577,0.6761450075956793,-89.23037088382927,-0.9669085337465451,2.167390683125741,-87.01027781121253,2.328409647900813,-1.2113209982710458,91.10303637291715,-1.8196474746383247,1.9953750797024277,88.1784735062751,-0.43820425683222436,-1.797443226178724
90,-97.65355578168322,-1.9637329753808965,2.5726058673547505,-97.52126943550938,0.7168665736559323,2.1767261622813048,-88.72584116207483,-0.9307320555886905,3.6455219452351586,-88.02184852942341,2.3135120423171247,-0.35936869114749415,90.06674552602144,-1.8075986133177318,1.4257110876763646,88.74773908248302,-0.470830313528771,-0.37650713987259754
91,-96.913253940254,-1.8884756097309068,1.372539275174844,-97.39169072663073,0.7091297017568914,0.5723604789519791,-89.09909688385773,-0.9758744822472529,2.1004978558675695,-87.37722036524934,2.2959365370677167,-1.76213013056036,91.09808790440354,-1.8323478017848367,2.0603425858136157,87.85508103038933,-0.4459705396061879,-1.4210991613514807
92,-98.06203945949821,-2.005885893627658,0.9979593567790214,-96.5744751974285,0.7470338992988462,1.787090858506124,-89.29057725379563,-0.9799097496232488,3.7293163430387457,-88.12268638175615,2.3431798084617004,-0.45101839050793,90.12936126488029,-1.8182238915659321,1.1988466681331489,88.98318400596538,-0.48478885675994515,-1.570089928072435
93,-97.01439949112506,-1.9870683435096157,1.8081400837549202,-97.53387423202922,0.8010116346090315,0.8520313214431706,-88.98137232836963,-0.9594758798659392,2.166665192027886,-87.00631311875374,2.3262379451863935,-1.0437354843740934,90.8756046331993,-1.8540776004355817,2.401626499365063,87.84308663025362,-0.4380121573783537,-1.9799385784965795
94,-97.24228490094089,-2.0418887746681946,0.1653154891289456,-97.3998510239158,0.9027132066098965,-0.7845284600003133,-89.5463664649463,-0.9740322354665804,3.5974973397902406,-87.53561739979097,2.363935293595684,-2.4226135458995985,90.3752022205552,-1.830136891369385,0.9607445123310739,89.00135409643697,-0.4742722853880357,-1.8049875523728538
95,-97.13212382202516,-2.1068548153780955,1.80716393824475,-97.67321763329292,0.9661686289847877,0.7970764339624252,-88.98779527179359,-0.8775672681364861,2.1840535009306916,-87.42885176703967,2.4103508038996626,-0.8063474177496455,90.9046113225091,-1.8848147118007896,2.3730836595418254,88.0891700316653,-0.5208831281016115,-0.8396635947582207
96,-96.1636416611909,-2.158332979941671,0.9205528934748125,-96.54445809108849,1.0304482553558132,1.4616774673880162,-89.22307209709028,-0.9130972416718365,3.794600501283992,-87.37447740748992,2.363518773297675,-2.427821450773283,90.56083456840709,-1.8451113671607422,0.868012859838646,87.59053665529682,-0.496570628175785,-2.3429454370240794
97,-97.11581434119634,-2.1896253720167445,1.565946710972051,-97.4627796844573,1.069201629861188,0.4505577976800059,-88.96780956030594,-0.9181343030848218,2.2228575767474577,-87.32378870527491,2.372729619990211,-0.7757110452270107,90.96716838308762,-1.89637056060733,2.3950514302049766,88.02784264877828,-0.5785269862698049,-0.8099285383001292
98,-97.7788457389218,-2.268587576422228,0.17704837779023835,-97.76772416851168,1.096115849949099,1.9661126852706008,-89.46922530584862,-0.9026087127188734,3.6788232183468166,-88.4618255620102,2.444491165329299,-0.4936128669829043,90.44262319003595,-1.8846419740432077,1.0063429182190216,87.78163475702074,-0.5610660658336997,0.7890002350514939
99,-96.99568476809152,-2.238938447365556,1.4993018764718535,-97.06325315861577,1.0881244877662726,0.6674216496193371,-89.05238301562778,-0.8811589410100411,2.2066919377906973,-87.31680608106669,2.4166443624608416,-1.0243913048719386,90.85125763825319,-1.85966694754681,2.5411732590695193,87.9361778961316,-0.5137418376147604,-0.8617286538537411
100,-97.26466719311676,-2.3174856289079933,-0.1344258126944476,-97.91490623841429,1.1408605986306137,-0.35769646635354096,-89.1606053251262,-0.9009797022810125,3.8559608495440814,-86.15762091036785,2.3907055096940306,-1.3121704084659935,90.38446115591644,-1.9003641057083314,1.0801435456445658,88.94827785752838,-0.5753099558318774,-1.5880332094424507
101,-96.77487997058132,-2.3096133311433285,1.3739646145262068,-97.20236014889427,1.1787337540684393,0.9642095556482521,-89.21231176749822,-0.8917858140303215,2.258202653515197,-87.24586627308153,2.4175227283763525,-0.67389666498529,90.21775545292297,-1.9387792597863853,2.730830165825495,87.75191516379184,-0.5663876923957767,-1.5470587669339753
102,-97.86284340934522,-2.414483072327535,0.8771142433011041,-97.3648352249117,1.2389376162523928,-0.6813024268931981,-88.56966128946534,-0.8717280004651409,3.6267628608214904,-87.50432663241924,2.382511396271539,-2.2266885808911767,90.93690076301587,-1.9470675623880251,1.4417182485172604,88.8048729965142,-0.5840258531585311,-0.9512366445695855
103,-96.64997731988383,-2.478491679070918,1.20441959032405,-96.46361068244353,1.2904712067494528,0.47101530707059425,-89.04984097196889,-0.8819898724763843,2.1505455498932986,-87.48248363371827,2.356482233907942,-0.5834257991881973,89.8691646604611,-1.9601411869419803,2.149434133106805,87.75433461616224,-0.5590087161484119,-1.742880122425569
104,-97.63918230785019,-2.5471896727990333,0.5053870112681916,-97.28881659600019,1.349054084934459,1.478880367554561,-89.14131196993146,-0.8742922088386451,3.801450751452642,-87.61787257828998,2.353635535350503,-2.188505014474089,90.98361882549031,-2.0172870706117774,1.5813464047263581,88.87963293396604,-0.5830056464215617,-1.4489228240442815
105,-96.63041489998822,-2.5576142139493343,1.47793906522657,-96.38163408603344,1.3979640695526454,0.34008711558548416,-89.1782924718612,-0.8623498192088441,2.2145316779719533,-87.29298664711723,2.35744170086833,-0.6379498737126903,89.82561287752839,-2.010726531250002,1.9213149479905616,87.68415075762222,-0.5756564279105673,-1.3745699980818855
106,-95.4476206355725,-2.532163991176856,1.2595820586421667,-97.5550715994003,1.4093358262590636,0.4585955065686737,-89.14400519201878,-0.839803369263078,3.8795384962779953,-87.06834435892021,2.34595661973703,-2.2440963561129257,90.94966475415775,-2.0373489808177263,1.4469329567498723,87.9884732362837,-0.5918802173497605,-2.9496918336203106
107,-96.59326739358333,-2.598901807140346,1.6957795056992646,-96.45213311150624,1.429470437910047,1.0777899048259996,-89.04598280296126,-0.8480456050223807,2.297674593314542,-87.66205204609858,2.337830167367174,-0.7726180012060987,90.1111245014812,-2.0009705988101425,2.684565661462854,88.09751003695352,-0.5989895810941562,-1.3061355781853246
108,-97.03647118897682,-2.576795649685029,0.14832600962023526,-97.12643784473445,1.413344466336363,-0.29984016308107925,-89.43455150060726,-0.8774346332775971,3.8548519149716016,-87.59522124745914,2.3277778164193235,-2.3867755251367244,90.60198758249771,-2.0377079250781374,1.190224554060126,89.22768095817467,-0.6197424903133876,-1.118985785202978
109,-96.67152555180635,-2.6167230435715,1.7273420269784885,-96.3323055779005,1.4180797114852857,0.9259478193876057,-89.10818753161917,-0.8567403538100081,2.3255673210931156,-87.20401266337146,2.309360791664785,-0.8568172160288813,90.50679605635085,-2.034595891746981,2.848690206649783,88.15416991984047,-0.5733643688557332,-1.68837813106586
110,-97.5735709089217,-2.704630577899247,0.5959596552846044,-97.4929789200314,1.4880355933385458,0.5318474354579174,-88.71246200813077,-0.8670531725408739,3.9239051337944955,-88.2259629409238,2.3103000275762375,-1.459503156197146,90.59600348721445,-2.092588387178421,1.2272985485939545,88.57313336681823,-0.640050187375941,-0.14162333005789166
111,-96.58682517045256,-2.77238756659865,1.5098714632582715,-96.39326983796111,1.5396226073043788,0.8439057600257072,-89.13795325583334,-0.9427692994486366,2.431704405919947,-87.10821123917468,2.260323053880061,-1.0036164159973777,91.29124418326172,-2.1516663113276464,2.457176429375263,87.93029048815006,-0.6452144238235334,-1.4903041773466996
112,-97.75993865418562,-2.8645179571484167,1.1562946758601595,-97.55201624507174,1.6147707005351528,0.9785647981399507,-88.32523581363627,-0.8925126768778303,3.687065913227791,-88.20947167267212,2.2829910104299413,-0.41853187642594825,90.37136337597775,-2.081727469169286,1.5563387200725285,87.61578556758357,-0.6160140899411803,-3.049444183376997
113,-96.65670422586119,-2.8489126725598584,1.7822167906644277,-96.44298494658089,1.6460973305708044,0.43190801772350923,-89.28726985094747,-0.9237983957148552,2.7945204092829936,-87.03604546609705,2.2838139482141706,-0.41444383201962076,89.93232280331819,-2.0713930953894657,3.136900710842305,88.1036572376345,-0.6424900874059266,-1.522009715696578
114,-97.52099200361766,-2.842809739673938,2.770864013187132,-97.23102930675066,1.6706180249501137,1.558209004848959,-88.1544724925686,-0.8118473991585694,2.7211525995769126,-88.04273872021815,2.3077553749534876,-1.1016232563344344,90.64577261440598,-2.0767228380820604,1.8145971626070456,87.56541048178751,-0.6207053903371412,-0.038951947140937686
115,-96.79950835521869,-2.7570366021406634,1.493708581449344,-96.13305588065707,1.575306813985542,0.7859456437342409,-89.34726335365325,-0.8405476602522887,2.859933202647812,-86.9555327291711,2.3251935999234217,-0.5754276993341627,89.95879812344336,-2.0256352335971215,0.5702768742091452,88.24540228998337,-0.5982486490937774,-1.313553990806841
116,-96.42021295934867,-2.6440027318112787,3.1112863726384057,-97.25919424987131,1.4879593204331139,0.5688030960926843,-88.20770762923028,-0.7172662216816524,2.982233783426206,-87.88015761406584,2.355209366237753,-1.409701551211473,90.78651251891021,-1.9926091679864097,1.7127610493047314,87.54601116653654,-0.5057902704345429,0.05758709661387043
117,-96.38644881285862,-2.6500132285686764,1.4718803478766753,-96.06392359655628,1.4972934682850811,0.7784178700175624,-89.3426234136449,-0.7305200520971123,2.6749733795628825,-86.73981123598516,2.293786352057111,-1.1129448390396413,89.64625174371702,-1.9619686723643412,1.493918867810725,87.66537609208399,-0.4970295569684249,-1.5339040769098102
118,-97.49863605441028,-2.679152093114802,1.2719045557374247,-97.18023558963077,1.495029302566393,0.6278540210845878,-88.17054577704124,-0.7287745921008897,3.002370234580403,-87.88132954888457,2.266621037649242,-0.9143183570909335,90.75147248948153,-2.06274873493985,1.8602692281912565,88.4263588368825,-0.5477767089546192,-0.30651525466255936
119,-96.53815974811224,-2.741578850046816,0.39167494209208226,-96.13961639153742,1.572022344043932,-0.11045812898330104,-89.34183438679037,-0.8134877523745471,2.8640219152433026,-86.79739786033232,2.226549088514898,-0.3622020386560567,89.8492144159966,-2.090994230214432,0.9041632222152601,87.68507424137238,-0.5389390362818691,-1.5995282837967917
120,-96.32912153819122,-2.7849534763582557,2.019132506204797,-96.76195411690264,1.6172905948777005,1.2195086767592924,-88.19483307202121,-0.7642615220224263,2.825815169881331,-87.82341321801374,2.2529829751704957,-1.0086552067738959,90.70105886982172,-2.1271196957362335,1.9149251509919698,88.34164237341467,-0.5254503877044477,-0.23815697840276914
121,-96.66332956876178,-2.839957515404845,0.4055707434941173,-96.70520956542238,1.6525295630690824,-0.38380397645129527,-89.33627480586934,-0.8469963108433927,2.801719593733934,-86.65145988719233,2.2069111747903056,-0.8449412383255082,91.23505461618048,-2.153953447829073,0.4589644475359135,87.70411089911893,-0.5116366385385559,-1.6382009042100676
122,-96.56548950173618,-2.8731413751694657,2.0548671636276428,-97.19448753654729,1.6668023623969896,1.1300223684057442,-88.18184793676855,-0.8124286418499709,2.905247407401271,-87.78795313726478,2.182104353553947,-0.6385833207554643,90.3328803893393,-2.162385170924837,1.5678316160253916,88.01735049901777,-0.4927259538316371,-0.07042157324521338
123,-97.09048358573621,-2.92073791904539,0.5461230303294428,-96.4140379422968,1.6608083784546357,-0.06440389711079689,-89.31540927506421,-0.8915223326205372,2.737006114641874,-86.66587026764813,2.1786279285382535,-0.21255492679477395,91.34976201423008,-2.2352062942784086,2.1927132544568884,87.81168410998654,-0.46038393639632247,-1.7005009942030704
124,-96.08419155668945,-2.894704635055361,1.3487738762421604,-96.57969232038697,1.63448570178907,1.5332659277520369,-88.16140761090988,-0.8499619304194511,2.6035733805266963,-87.66628324705957,2.1659663165375136,-0.8658679258451929,90.31506021905439,-2.2233358348166363,1.5791032632086064,88.91841698414099,-0.5124707176215321,-1.3534583510363574
125,-97.21635709179894,-3.008487647914293,0.7149910089998118,-96.65325718031968,1.628132653707227,-0.05171293240043456,-89.29438995369354,-0.8789672902506428,2.958250702271821,-86.49632860169284,2.1417031492892664,-0.8841234089206065,91.45063472481904,-2.2522004903452224,1.7634252686816658,87.77189690217641,-0.47526980491156917,-1.5347837037827379
126,-96.98458788775169,-3.037519916743521,2.339883515967948,-96.58058057768822,1.6141683006163192,1.6198551111213435,-88.16372157077012,-0.7930771121370996,2.877707427923721,-87.58644772060741,2.1148476800251594,-0.2578634364662166,90.30376809174491,-2.210149217163313,1.6224374442496527,88.69187012527051,-0.4905968382901113,-0.4530563126096872
127,-96.82583800507045,-2.9727540799399423,0.7551743684957855,-97.06019293903341,1.590319238199136,0.10460667894951557,-89.31882517919978,-0.8858033661441669,2.7522713741377767,-86.77575562575714,2.075197507687784,-1.4847053327304298,91.39976452532967,-2.267213392431383,1.9913507835367463,87.74932594871157,-0.47005061916477137,-1.426652838631122
128,-96.23773263162408,-2.9200182730529325,2.233637783644603,-96.52885747342597,1.5381751965224966,1.5911934060543487,-88.33419135416531,-0.7672780343842486,3.674507668064851,-87.34138492306754,2.1188785475927356,-0.0025080405977987953,90.41108286630032,-2.221940773650511,1.248331518040536,88.90075778039831,-0.47624532738573594,-1.447060656054221
129,-97.31621368041841,-2.895996527542172,1.5833424830797589,-97.28175582782595,1.541963306757749,0.342082483256892,-89.29754276282253,-0.7171204423228604,2.723218236756057,-86.35212213027923,2.148722802825714,-0.9397815731827681,90.90896012891845,-2.1912117659611106,2.6837597138568174,87.78667985818973,-0.41909229841279655,-1.0196181700310407
130,-96.14488601975042,-2.82568985639965,1.2160067886656543,-96.30325167016288,1.5034537770995673,1.2716763427226014,-88.2528187075642,-0.6448519654840916,2.062948329198262,-87.43856341134571,2.1807041362122273,-1.375049909971801,90.31449007179509,-2.1667659961003354,1.330979758317038,88.86580568050378,-0.45149412239404424,-1.501553820255092
131,-97.28969434068065,-2.964823187168918,1.361090236699938,-97.33689027135101,1.615885704575692,0.7689672710596402,-89.15708719019017,-0.6973945163459979,3.0829256888642855,-86.66374338430396,2.1920386312925246,-0.24196941872424665,91.1779899748957,-2.212993646600849,2.38500798504229,87.72715152444192,-0.4332859086409242,-1.206018266149457
132,-96.51447308730671,-2.9649253556483344,2.717954817294482,-96.22157960092326,1.645880670407363,1.2822923429124617,-88.99978874612908,-0.7632877063803661,1.4628069172103846,-87.74813034188485,2.158325093391371,-0.7011314340156612,90.5143880557584,-2.230491657565871,1.0979198379872432,88.75743080016575,-0.45726221416812396,-1.9002661420384641
133,-96.85893457768226,-3.088118305303786,1.1554507254331234,-96.48767455648951,1.819842226274233,-0.29170584020627666,-89.22658555662983,-0.7023316315289131,3.0810354078458206,-86.93865114398922,2.1194996719259924,-1.9409994567195725,90.40252210355055,-2.2466391520859395,2.733500893190876,87.65594344591422,-0.4232353757915973,-1.3949881360994134
134,-95.70098664581064,-3.1442732134440554,1.264611854136483,-96.03082157201774,1.8553602396678797,1.2533392097399323,-88.53442424684138,-0.7137149847401002,1.7894440615666467,-87.50707347875903,2.1258801798908507,-0.49176515138196547,90.63073403947932,-2.269581451777787,1.135027421334291,88.27863373327862,-0.47040155440584763,-0.012337675294733293
135,-96.65538177086056,-3.229713425294791,2.1055584413654076,-97.10454036738334,1.942396282419283,0.5569803676133328,-89.26783837947549,-0.7441851672189074,3.036568183199156,-86.33220843955904,2.163207790845023,-0.5344434097176841,90.43822233299922,-2.279141620473446,2.7402949470269893,87.77988592049591,-0.45462961517564726,-1.5072505233942763
136,-96.55988429010509,-3.3132665119550837,0.48137014902935327,-96.08630837711628,2.0283947775956177,1.5698203803193662,-88.11369555584027,-0.6380533314502642,3.0846536994479856,-87.46593672800418,2.189895875378731,-0.0751871674346942,90.50606853123222,-2.318417708450324,1.0948213845260586,88.43719999787507,-0.4713881851440073,-0.2113136205038235
137,-96.18328282744997,-3.338702651408609,2.0432953073647147,-96.76418436307664,2.0688681482852616,0.1764293005067391,-89.27064966765725,-0.7171199917380124,2.7196382602082547,-86.44241207363768,2.161681898994814,-0.9357563210432246,90.86824163428638,-2.3643813694792497,2.5791620332318246,87.7859250576199,-0.4576017820755065,-1.6279707870181557
138,-97.05089628631409,-3.4197652988688363,0.8475876708237137,-96.67403484183383,2.1482914426330866,1.7950695466826307,-88.44891190231438,-0.6625896747513137,3.8519266110161796,-87.4782283061318,2.151067602037763,-0.16418768419840446,90.34794606000305,-2.3636112358689,1.141944232605717,88.75498631353511,-0.4966614178220549,-0.7666307706671576
139,-95.89001259050504,-3.5057944875601352,0.7570060277153268,-96.88348356187059,2.2216527663582353,0.16492130022139886,-89.14847463473549,-0.7201915662290546,2.4961738212243834,-86.93684706855674,2.111258500146228,-1.6533602447383655,91.0895553251156,-2.394940172024853,2.3474850676846897,87.58879588518897,-0.47785989917523547,-0.9983121226879138
140,-96.74538539385239,-3.6065685249458097,1.7670547687305513,-96.14833655468064,2.312685753829275,1.5047026087017448,-88.78501572422809,-0.724996797853142,4.067733217214997,-87.33253868405538,2.1277997892734013,-0.08986801991873071,90.23048075860241,-2.386440184723062,1.3151581506112986,88.6328121792999,-0.4917046490868754,-1.638003053024527
141,-96.61912173871292,-3.6457018616639885,0.1808016593931291,-96.72791278932533,2.4049640398347116,0.05123163066768441,-89.10653780749247,-0.7092134409250083,2.51638710491266,-86.7772153477288,2.1756609644992735,-1.5311119025686533,91.22353563273417,-2.4360883226802996,2.1291185001469066,87.46134677231326,-0.4691577057634856,-1.6844599760957883
142,-96.48349838562537,-3.6443009633923786,1.8229224344772157,-97.32211555018482,2.4476141106374167,1.3658985853036454,-88.57723455718467,-0.6494277776523881,3.9891066313458547,-87.35374301428034,2.1695999440389926,-0.08092957760211629,90.19890994052246,-2.468562941789185,1.5248926378597958,88.4262155468083,-0.5386018196294502,-0.8085765621450318
143,-95.56460109638527,-3.588532746107855,0.9956419268840977,-96.23100695385813,2.409861735972814,0.8011908065734413,-89.13257629831436,-0.7142391710331915,2.5288249043492317,-86.99285914423275,2.144196697213466,-1.6508914944006612,91.10395895645284,-2.4889047665042017,2.4872697266906156,87.48619027450822,-0.5128161727706867,-1.8192079889491501
144,-96.61108980046839,-3.596005238866487,1.4048902979858158,-97.36054821503225,2.3893288725150783,0.32248155880680335,-88.9705150927299,-0.6977050986076498,4.16331711471518,-87.5003479977584,2.1906756798723146,-0.12282613426788377,90.35917836779237,-2.4349667914062922,1.2665475598499853,88.30540197894669,-0.5090243474961739,-0.6322291728424547
145,-95.43587602021698,-3.5548107739945514,1.7946588807937824,-96.28640690039086,2.3358218563534874,1.1178797948824426,-88.97897188247342,-0.6522513184155797,2.5297801858835047,-86.5068658088537,2.1916202384816996,-1.1271423225127732,90.989906667255,-2.441248236995957,2.5376772438782615,87.54795846874488,-0.4882356327458444,-1.9244656013290495
146,-96.56068326921799,-3.5883153946331663,1.2816277730860584,-97.33092152024912,2.328398069473952,0.5546097153080775,-89.50982909679294,-0.6449952471408371,3.9687748277228385,-87.65044652803901,2.213576976294862,-1.2890727716103547,90.27966710221757,-2.417889677165238,1.2857217487181776,88.38800637666861,-0.4565227062134027,-0.8229596592525621
147,-97.65582418832227,-3.5857664372875364,1.1030824429606787,-96.17487053336063,2.317464324264072,0.25553049509694525,-88.9783506118845,-0.6244370400196829,2.5371889004851713,-87.8737921439731,2.189835605774104,0.33484832192335634,91.00261443974937,-2.4634384206993327,2.4798639128511066,87.2191298940951,-0.45478958749829596,-0.7222831956953676
148,-96.48496890350337,-3.638237836229826,1.023268401693066,-96.85393019640134,2.39104199863797,1.453179965666217,-90.14261171722703,-0.712016505297927,2.477455915376893,-87.32229988690219,2.1985392235529395,-1.1205627274526195,90.447245823987,-2.4983681412232235,1.0482194989716214,88.2989372739757,-0.46829072027803625,-1.2548983846862816
149,-96.63608214290909,-3.683562497394526,2.5764027692443157,-96.40628052247487,2.416397312527865,-0.04852538183159391,-88.97484914975618,-0.7094703266167752,2.731898949352171,-86.186283777985,2.1628125970813468,-1.5273367366143666,90.22135305175202,-2.559338800058144,2.605320396076629,87.15928852746336,-0.4215683807979867,-1.2061720098119928
150,-95.72295626431647,-3.743580963685526,1.5185253838062684,-95.30068211117528,2.4398706615170815,0.7383072357955117,-89.05411466017634,-0.7913534125923049,1.0938340637643742,-87.35769503669016,2.1961225350908617,-1.40276824734178,89.88485667007272,-2.688137551546,0.7156728074904911,88.07163882915751,-0.6592602160534816,-2.359796664415398
151,-96.37998890676423,-3.774140498895209,0.6024012770140256,-94.63906117813553,2.5199911700853126,-0.8866068071546873,-89.17910453067388,-1.0836221193912743,2.6101323822513827,-86.86372851462856,2.072760523420784,-0.04183911616614788,90.22354459950441,-3.3213719419367993,1.5414821915078447,87.32039831266277,-1.4804518323691649,-2.2175944057545856
152,-96.69718037628496,-3.9258182761218485,0.12628889753813674,-94.3285999499844,2.9143907167814924,-2.6082429527388165,-88.27212658339243,-1.4856323133196245,1.7474190691241431,-86.38189472853404,2.022058790129973,-1.1936637641256138,89.15233934739045,-4.098844478338407,0.4388734043986105,87.73839130789241,-2.6343022590095364,-2.949641990659328
153,-95.89014045616082,-4.384803149212638,0.2343944450557269,-91.35875579369947,3.4378951031613356,-1.6157574468176144,-88.14675621863697,-1.829011320077314,-1.2885583309452193,-86.94878069168044,2.4307292138377123,-2.157833755529914,90.18953044632983,-5.4551914739009915,-1.592202299901562,87.85628923053854,-3.925974423962305,-2.6174124334529694
154,-93.39884432921347,-5.177848455700142,0.3807206514726274,-87.95820057753347,4.522698938410881,-0.8900586120131765,-88.42154113000403,-0.4855943943686097,-6.904454736899235,-88.06540769410691,2.574466014134296,-1.666001762852772,90.77210755680841,-6.774598723332931,-4.319233533883563,89.16273451219995,-4.465058914304898,0.43007148642189574
155,-88.84439895173132,-5.718876253321697,0.17178747680183656,-81.2177966773741,5.271268072508471,-1.5610632451650845,-89.8061470933632,1.428583789907314,-12.415846577572617,-90.98939443517634,0.5458488882481425,1.6928650251758335,91.28524293421934,-8.995353021470642,-7.038589054107486,90.08404334697639,-5.602551834314174,2.8991686613047825
156,-82.44226963606194,-5.674098112755456,-3.0491251972564717,-76.0297531647078,5.891396684365806,-3.2679127183758587,-90.40479559864094,5.823249379783637,-15.174103529406734,-93.63137669059762,1.425692936844749,4.276504766696892,91.57109124108584,-9.114788967913722,-10.035611405151814,92.01191972509069,-5.587755223879974,2.8485695003590283
157,-76.59440701645421,-7.1888799948207485,-3.9438076594040195,-69.60284692653299,7.819648097977553,-2.8255230646473968,-91.38479609670608,8.448919647285594,-17.472568167784257,-94.53168737133905,1.7207719163021933,3.597916121611383,91.86746331622263,-7.194491132286635,-13.542130386759304,93.78757462214618,-3.5696356254842985,5.174021203534593
158,-66.98711177146066,-8.322379860824766,-4.580933489533304,-62.376330102508774,8.953396862034204,-2.6515080941374585,-91.73627861022877,8.60928050528848,-21.211153311485997,-97.49015282139767,0.9010893597620562,3.3049283593910688,92.4425716152026,-6.124819061318274,-17.580684446847705,94.82449356198123,-2.9007298329950606,5.188640964327149
159,-58.8459474515794,-10.269117256092967,-4.582204132958847,-55.28719925504791,11.352027150033692,-3.094072697163517,-92.27073615212987,10.842025243281753,-25.079874672494196,-99.63511599299851,1.2708484741749424,2.529213445000319,93.5806310087854,-6.720870388568308,-22.658687985586,96.3851964113128,-3.415696265310425,7.737697541873363
160,-49.30575889670644,-12.462177968681033,-4.537227833833137,-48.24977606817879,13.461224893829572,-1.2301291821725142,-91.88116429376919,12.146752230286323,-30.571658842522407,-101.97885515171008,0.3328406719355011,2.3272291149158892,95.61421638092804,-7.006281056881173,-27.45878160530903,98.85391554604031,-3.609697644111881,7.596948610021586
161,-39.92691192735245,-15.180386132457187,-4.119386893827937,-41.75136212436183,15.436156946305832,1.425504984583469,-91.3431785003665,12.869206369750316,-36.33639349635911,-105.44652522494034,-0.35961297558932576,4.214380072117859,97.88414669154933,-5.22104760656725,-32.681105474518404,102.14552651928572,-3.8909297263549885,8.511823172622293
162,-31.625738272095795,-17.617972682178376,-1.9924595195675097,-36.422773001063184,17.101565967789533,2.06404511225532,-91.01955625237507,14.22041301542525,-42.46537577771609,-107.80967041166832,-2.520003939340039,7.312399002141438,100.00054508287263,-2.9826689829429016,-38.67411357056541,105.16359232507048,-2.5420538241422985,10.163230108039583
163,-23.42466080593091,-18.833082939534215,-1.3075666929011411,-32.29761148765841,18.22102806367357,3.3758130468468788,-89.64233937802068,15.017057063557077,-49.07681066733205,-110.80492291004543,-3.9495186937779136,9.60651903975387,100.8064829218286,-0.6489648713586135,-43.86432102129099,105.5824645580856,-1.4750426644690195,12.269399134632934
164,-20.48841715208648,-20.44886961146131,-2.127342064268544,-28.769191298653784,19.690631854024776,2.264027113914341,-88.31919453363128,15.023313653822875,-55.83077286632947,-111.65443344575131,-4.336613602769483,11.326103145733626,101.70692450726392,1.6784852582782777,-48.837271954711525,107.61233981507141,1.1080635682948174,14.23221999740376
165,-18.677371930554294,-20.691632811901588,-3.1109442912760796,-27.172273000695398,20.00417980922353,2.348721649162794,-86.15395858338643,17.973433115116194,-61.641592808542974,-114.59770957876408,-4.352839806785466,13.66551120537481,102.3301722716332,4.287846987708908,-53.57894650228478,108.1622596939773,2.457968240999156,15.447785173283359
166,-17.168600325591598,-21.305084398445537,-5.654713082094581,-26.83757885831788,20.53716558865948,2.4340009297618614,-84.06536854272397,19.040045153392477,-66.82584095857632,-115.58562951622152,-5.251274448749904,13.144156995917363,103.94358002233828,6.894973943702694,-57.59073169317331,109.01444165909699,1.964920984093341,16.96560776884362
167,-17.70426867332434,-21.78270181781865,-6.325457767900172,-27.011162755033144,21.709958258343942,0.4498265858620914,-82.11287476419753,19.160265075542206,-71.53483286636711,-118.32462733708684,-5.821538852699456,13.573710565023505,105.72058146724626,8.247078563047763,-61.36104108685486,111.67215695001416,3.0797832645476424,18.50256840135362
168,-19.392774900430993,-21.855450844659753,-8.708689284107471,-27.70360612994753,22.663958634178876,-1.6406099730261496,-80.95729665182394,19.408185756269937,-75.01524439740098,-118.7117717074616,-7.220762641639194,12.43307474640787,107.31580073300621,9.55089423337955,-64.57666424927972,114.21220643309219,4.466760669419815,17.20980004369198
169,-21.44038478939123,-22.713028923654196,-12.098529726550051,-29.706368903136873,24.46117864375942,-2.7989189927827827,-79.65747622456712,20.2305827110546,-77.58362803093408,-119.3242488964768,-8.047562637592698,15.016279042165571,107.74873643381356,10.99796630254466,-66.54458916028355,116.64269712795947,6.4548483673012615,16.744644077202157
170,-23.76807756563799,-22.610470721126916,-10.539080441238106,-30.68621467368974,24.643397954664184,-1.9320011315197276,-79.53251204507994,19.542076420525365,-78.55984763274195,-121.04089880358467,-9.651438533164686,15.105563918486142,107.94585892625784,11.524569082029746,-68.05770806607104,116.91311804719604,7.298955322189097,18.479193085708854
171,-26.158250629412848,-22.452328219530575,-12.351884075280486,-32.89452192627395,24.821939248972562,-3.3426817776653186,-79.46281176132713,19.260759475445862,-78.68737489941576,-120.6020137478214,-10.219654364219577,17.338882679235727,107.99666614276596,12.19017117620619,-68.59976221297772,115.8361742846452,7.510963185093588,18.15952377097283
172,-29.036738336666023,-21.72018016462047,-14.054317604225103,-35.594278634927335,24.65794457211065,-3.4016396180609227,-79.24398335715959,19.35337669547588,-78.39207880000937,-119.7490478982528,-10.494143634368362,17.93787911136141,107.81098779058334,12.369252494936678,-68.7838552295403,114.74559143404511,7.520231451209104,17.66749727031021
173,-31.884006154383076,-21.01181656008958,-14.673023201275383,-38.34028726573791,24.298024798543693,-5.17089948107759,-79.14863672725147,19.198875418531053,-77.51592253272015,-118.70363185170456,-10.468774567656144,18.48248450818849,107.70098464320556,11.866446382083323,-68.48998938871735,113.62632452132029,6.973975115275068,18.11337187968292
174,-33.04788479617987,-20.84604031444091,-12.943005121921887,-37.673032263107366,24.223138602964507,-4.0889032287196585,-79.01114133286498,19.63968441610111,-76.19403718373609,-119.98733347354735,-11.187467934972467,17.737994179995113,107.56542442391374,11.361365835904147,-67.53567203626638,112.54754351864298,5.924481586692738,17.550300569698642
175,-33.13433036638625,-20.419957578720737,-11.169282885230205,-39.457144578950505,23.479725358334324,-3.9127799712022355,-78.95477798632216,19.68487108840561,-74.0667212081181,-120.01207648149003,-10.607619200886317,16.184601378063288,107.45253609494544,9.920222830122015,-65.97677285376311,113.47133068573997,5.979188004382857,17.0701932029671
176,-33.42613600191078,-20.280651947502747,-12.356620996900023,-39.787555326685826,23.01126660949361,-5.228971742568805,-79.33108655737244,20.467001047940816,-70.59521240056486,-120.92426344476782,-9.637724994892913,16.187082591358894,105.99790057623275,7.405779423962992,-63.2168170999782,113.79437333885129,6.245830849172108,17.446409309250605
177,-32.443445265767586,-20.754737219854217,-11.635711325264676,-40.76125158882674,22.543333971230183,-6.3401116026109925,-80.34183171990172,20.835287469203237,-64.85010694133035,-119.27514668067674,-8.04729275665306,17.54390261171142,103.72720170310014,4.571622359825688,-58.72846801059936,111.87357853681806,5.683233998893061,19.83329175295711
178,-31.397280631756605,-21.004946299945903,-11.515911009932429,-40.57297261293786,22.4341876168691,-4.988017249613375,-81.34450332732669,22.096597159573573,-57.199648971724564,-119.174359797106,-7.222743443956012,18.82973191058481,101.57288751969452,0.7005363259307663,-52.35527054813089,110.09508656739966,4.001353369093181,21.50373397350643
179,-31.49612000247701,-21.116926348584542,-9.43414251884045,-40.79008051205036,22.051773821905158,-3.8559902215955435,-83.16241155341311,23.755130136655495,-48.15561708748297,-119.56736926292216,-6.544622552988112,18.19253569897606,99.13350065950884,-2.459875993512887,-44.4265155133421,109.44621183641566,2.7652517843251143,22.96588774728149
180,-33.7084668959055,-20.545701851173764,-7.564055708576449,-44.8287282469608,21.273125023109063,-3.530083906368552,-86.37917940237018,24.697948529181975,-37.60127970498766,-119.0792636534411,-5.680359817585879,18.232691280003433,96.27133912776058,-5.0944008279516035,-35.42729130128436,108.67222596630751,1.4661775961022274,22.339614622779827
181,-39.08681204812908,-19.35998408727418,-8.255216114153564,-47.59726361037312,20.267200880519297,-2.4244809532601077,-89.66658019637964,24.17911421925644,-26.375235915484875,-115.80314747089494,-3.2581357078302275,18.33498643524287,93.00937924066488,-6.832499414856849,-25.543159579331697,105.85196883211891,-0.8383800289764095,22.04765895363147
182,-45.559920413863416,-17.765901900676713,-8.553542889067554,-53.18985610941149,19.057116502081186,-4.684336859874147,-93.4471534349651,23.482546114891925,-14.121626325632551,-112.4413806578028,-1.0367909385621292,14.803969681966926,89.40689898654612,-8.217651455403447,-14.797152015393442,103.46944104233897,-1.5840479094022888,17.486477705439338
183,-49.70327905003547,-16.384216754305594,-7.804107713460646,-57.614476538639906,17.335340989921093,-3.571627384144323,-97.4948565876451,20.709323597345684,-4.119405033806836,-110.06572550616501,0.7910276842768956,11.742527727477912,86.5992062738944,-9.616673264814075,-4.10982639176608,100.8826131278468,-2.7619460186202014,12.274535609097121
184,-54.783891795794396,-14.467467998748404,-5.899137919869138,-62.2151470688535,14.689483748450446,-2.7173104715827696,-99.50276657605991,14.59476755697475,4.0076561413074945,-104.3655749394402,1.8554924465201124,8.88555773047765,84.5013143725568,-10.153400370889868,4.3363577082094436,97.76156900617237,-2.5383869090259568,7.357873456086566
185,-60.527373777528645,-11.678567975251616,-4.985528026525229,-67.29711657663425,12.058294680499635,-3.3977532693458086,-99.9691805899776,7.638259048768707,11.371213690539578,-98.88585748106789,1.8794826690012316,4.353388993494893,81.44507611969293,-7.465587873017442,10.784023101948392,93.08602635299903,-1.9960856470286492,2.9534655651131647
186,-66.1624143489379,-9.616349316621996,-4.458540698146079,-72.97867378435349,9.609759450209237,-2.5007680358669346,-98.79664403549033,3.6249978379500303,18.22862027901786,-94.96894359231443,3.0038955288588824,-0.3177384024429812,79.64984178776822,-3.506890662742207,16.848437794776878,89.19707966872993,-1.981488343893122,0.013674441937628297
187,-72.07704354300529,-6.983219801103299,-1.3511301188290128,-78.47588367658305,6.5884383745986375,-0.600166428949098,-97.26313884335225,2.840224652082723,22.17567763017367,-92.1920726562406,4.15067768360208,-4.359812728116818,79.04797972584473,-0.3418364048574626,21.024755366402236,86.5118891105694,-1.6001905576091653,-2.9605461562737583
188,-78.5673796014274,-5.435864608041705,1.76535869268941,-83.59865146086706,4.341978078939578,-0.1599884983997662,-95.1552443124222,2.9254183949586166,24.576289548372834,-89.52712701443086,4.11450172570175,-6.733837107991635,79.3357926763471,-0.3822911864649934,24.903796191800364,84.62285577014329,-1.486546325022411,-5.394276773857451
189,-84.34703769793848,-4.359534518348743,1.9945466502565943,-87.8310307870763,2.8536467522955884,0.8939740757490593,-93.6998502546182,1.6833531805580484,26.28451157427711,-89.16302073477573,4.011736369319306,-8.08537994942459,80.1367320049586,-1.930061428944013,27.897463111405518,85.42196147547578,-2.7744362807598812,-5.984902401816982
190,-88.05688221512733,-3.3269444358100544,4.726850159469252,-91.21069123683924,1.4828827098201363,1.5519484630181573,-92.70463121129757,-0.634705476165784,26.72835794502714,-87.81759570830222,3.2534516827073254,-6.554443016902363,80.63239644653585,-0.42088001885635346,29.415438781348055,85.4470913854408,-2.0522611072110832,-7.683018377158821
191,-92.67310410740203,-1.8063784988049385,4.356474990283958,-93.76556700233495,0.04538128014773898,1.5163752578893461,-92.13104753986224,-1.4093688340576787,26.692229155602817,-85.7470002078147,2.7559112468655513,-6.152986161194409,80.53594841977376,1.0031242389283608,29.023379809897257,84.29031474082967,-1.0634420518102476,-7.624140753815001
192,-95.04906471221767,-0.9871678335841351,3.8821079439689665,-95.44224095733853,-0.9799502962079545,1.5571742174877612,-92.24174858583426,-1.2796241969027888,25.491390464729285,-85.35983175278119,2.689520532836293,-7.678056081312822,81.17149585638266,0.9431144046567831,28.086396871846183,85.29431324212703,-0.48154133757095385,-5.8191684710142475
193,-95.98059680319479,-0.04236893880868287,5.686828121306445,-95.94328746933033,-2.1614866890393585,2.034266220573429,-91.82171297815164,-0.6652523455842391,23.77086536117934,-86.15678940579046,2.815390590973383,-6.932069332996765,81.73301462786054,1.1814399407313998,26.88864294850455,86.07073564204043,-0.15812627871922785,-3.996408163325026
194,-96.54979979693577,0.8797738815194439,4.700912807588235,-96.33357596734676,-2.815537738605019,1.1263971597224065,-91.30558004959543,-0.36171337921094376,22.227962314711853,-86.0391753456903,2.8935823594885157,-5.224102595584016,81.89042977935027,1.0828604331860092,25.49620416907474,87.06339409820602,0.14313115472087434,-2.8564082066269276
195,-96.7474106866123,1.0061358023838418,3.3156465426073574,-96.10171605341544,-2.739198178728076,0.5863062103663338,-91.03128162818902,-1.2946864184292353,20.61767995797824,-84.90441429776446,2.454950725368714,-4.1988404617165935,82.16031543616641,0.42091183484000516,24.040367135001215,88.16228697059712,0.03563868278650447,-2.2475966580518603
196,-96.55892799272897,0.9235668403166158,2.147916771090065,-95.83872789439673,-2.3949399362546195,-0.25733144516942913,-90.72547052787549,-1.690469118158541,18.98606863992218,-85.4480342705643,2.4162295183393163,-2.5883515125362666,82.7340916173918,-0.5303162251861733,22.424498723927258,89.41257108369933,-0.2941179565907742,-2.191182327271113
197,-95.94349763941287,0.5470532570947757,1.2687910920768428,-95.1198780826264,-1.953787354198238,-0.001064885131168355,-90.46056916125947,-2.018059775466336,17.39512249671848,-86.44749351002895,2.096859187517818,-1.8255720876710744,83.20720500054018,-0.8578718627842339,20.724808334017375,90.35148298483733,-0.06497619294136561,-3.2604987572632913
198,-94.96602364096995,0.19788316435377765,1.0656842107189177,-94.50206099285394,-1.6381797631146107,1.0155421227635792,-90.43325651384129,-2.5444486770818333,15.74488856995773,-86.11170019399128,1.8011883797618466,-3.4420817548850478,83.63439604127088,-1.1012852296405258,18.996761922843508,89.20195104751033,0.08861397883811545,-3.248757662904491
199,-95.50136326694187,-0.2273780702945825,-0.533929262813686,-94.23330342978468,-1.2649793241220681,-0.6207670422473424,-90.27874470901594,-2.472634203851971,14.082836915717337,-87.2376317731275,1.7850210075946507,-2.828794755697087,84.19081040328882,-1.525138310340983,17.264961149078843,88.77289403247416,0.12207618990783428,-1.8997100727658192
200,-95.59132426035569,-0.5256349426640929,1.0674097745373101,-94.50864733007441,-0.996319299030856,1.0227339750236575,-90.23797635908947,-2.517915006236491,12.454344215979933,-86.1659118800042,1.666771186606428,-3.579455673914728,84.77925804147485,-1.5162917568556182,15.554073731472208,88.2111964223658,0.19333804781315042,-3.460643688101052
201,-94.55085534341727,-0.7597312841560323,1.190466114983083,-93.569559824652,-0.785457122248891,0.03263452077506901,-90.20526950542019,-2.640930978839224,10.808523032556916,-87.31369111300098,1.6710786391145083,-3.258558203123939,85.4259952550091,-1.9968247406189774,13.973101288611039,88.82061509793196,-0.0575537464412129,-2.3038217708144284
202,-94.3780353409577,-0.729411988428231,2.700028228676431,-94.71567791574186,-0.7418422570571227,0.6160136836219201,-90.11162208399168,-2.783101692463364,9.08472350718299,-86.69847549230741,1.7327093040145523,-4.63243347807271,85.93103320011458,-2.2304337384762754,12.510002016397978,87.95106599942439,-0.12906155950263334,-1.2712410949834123
203,-94.38052821510209,-0.8013588911518906,1.0454855582456748,-96.00012117418193,-0.7268611622938428,0.46688009637197797,-89.91813532369875,-2.967394373909075,7.406175900531416,-86.78724595725397,1.6417838417807264,-2.9363673764910083,86.52003597693059,-2.5271508671252634,11.016321281527139,87.68073782236199,-0.25311257123892833,-3.006764057515779
204,-94.92211057926903,-0.6619370116959048,-0.682491636310038,-95.0396943921112,-0.792253900862962,0.14184154135780633,-89.57147085410487,-2.789920106542338,5.896896183971711,-87.34493277770973,1.7490643205333019,-1.4236956706626687,87.19675610825271,-2.688523605542386,9.621755296093067,88.58535522761979,-0.31552847290334324,-3.769524189884418
205,-94.52956581762542,-0.5836651392703193,0.6189278839134251,-94.23178522526743,-0.8686016887165824,-0.7981715296704721,-89.4565996727631,-2.5852278435513534,4.237558054256592,-87.58826853640089,1.758203636588738,-3.0466383702074915,87.77686920484975,-2.6677231296596395,8.16087360135414,87.48996817000688,-0.2522146868906992,-3.1081543742124618
206,-94.0842060372918,-0.5087937321063826,1.9859350574333068,-95.435408153485,-0.9680498383933606,-0.1846933748137617,-89.42362920242104,-2.6569078471674628,2.5920766144857175,-86.55630004194427,1.7268888700921659,-2.745148620109013,88.43498020586584,-2.55741916651054,6.665296035987703,88.54532131840769,-0.15188826124029403,-2.695298783338648
207,-95.23988272893239,-0.4820473942738229,0.9431151830747299,-95.04201939557652,-1.0369857793971036,1.178553787743387,-88.3936829326697,-2.3707333126958647,2.203981369474258,-87.4281256012191,1.7966557826846765,-1.570991244314612,89.10495180806087,-2.734442806943752,5.1714139840549995,87.36195533966315,-0.3311592170570949,-2.969224479389608
208,-96.43817358571543,-0.5003357074555288,0.677508160218387,-95.74914666134435,-0.948107945812685,-0.20581557517842744,-89.43215541014146,-2.5261888912857815,1.121745086011944,-87.40663855254375,1.6068677901474768,-3.155051438114911,89.68612944932984,-2.7086802902688665,3.619376775968711,87.73184376344241,-0.27313049377161097,-1.4329005502225847
209,-95.34626857104618,-0.5395770171719847,0.3061627333989115,-94.67912767418112,-0.8876601559452543,0.09758658166815448,-88.90090549282279,-2.4012254134705304,2.6067511701557695,-87.7512041746403,1.7217550358229694,-1.5544169852810272,90.39588213058506,-2.7676258366196147,2.1649150092997083,88.05338726507838,-0.28676134122452845,-3.0239230686626533
210,-96.38200444249279,-0.6647488965792114,0.8342142783342552,-95.82217742016671,-0.7157553614314417,0.23210039083226117,-88.11356205672597,-2.52194945199071,1.549288652670257,-86.77051216437998,1.501770477873576,-2.46275537289175,90.32912646572989,-2.8619256951013865,0.512855644305638,87.17338749816038,-0.3704410771964973,-1.9598168559548783
211,-95.20484038924897,-0.6545338849086888,0.9561968089948473,-94.94229533358704,-0.6496019559914197,-1.0189861751306757,-89.25151059972715,-2.673469481976569,1.7329086336905515,-87.8448670417514,1.4971009970788607,-3.0727807012084236,90.3768727979687,-2.8642021154402935,2.120492439177071,88.17609988426653,-0.4080629800754479,-2.6943729570458506
212,-96.20211078534699,-0.7729582367783152,1.281244961836279,-95.40645712170362,-0.5849111812794616,0.3237401915895216,-88.32755887590842,-2.506166196060572,2.7684977829538657,-87.15364525385944,1.5055516335175614,-1.8343175583113784,90.45622601620195,-2.884571935742936,0.42943229416403306,87.04265834818811,-0.3756000250966652,-3.1810394993339814
213,-95.36191512079583,-0.8358632493077066,-0.014507468747432466,-94.42921454450381,-0.5025958179323708,-0.7771980522099886,-89.29589035929331,-2.406336160641038,1.704823284740004,-87.99757285916863,1.4638466126551026,-2.9193847698500632,90.86277800352873,-2.9403778672639,1.8360113882030786,87.99998398233905,-0.3512611525001047,-2.4372113312824197
214,-94.38781981947865,-0.9336324454964314,1.0300997751140586,-95.53041857799118,-0.40314952407359383,-0.7441180406294307,-90.09639793885447,-2.375683836767909,0.6276693033815681,-87.32440498153612,1.5381449616681984,-4.317262418132792,89.70916775187472,-3.005255858456081,1.5304199999273513,88.28076927946655,-0.3594233190991426,-4.0677639269638055
215,-95.04642737719558,-1.1288051934247454,-0.3112736887991702,-94.37130730424921,-0.1949086959114438,-0.2103373086897214,-89.40707791883939,-2.4171643965585954,1.9975095944947152,-87.38646442786415,1.4739783561358408,-2.6412306881007526,90.84433510084857,-3.2309775046374996,1.716884735809415,87.21314403347118,-0.31106772558033335,-3.431750856840089
216,-94.49631886381265,-1.2704650639013246,1.2101546480872285,-95.44604371566822,-0.032169953765260426,0.26951076292013937,-89.5506905849438,-2.521741835260905,0.41002667280230914,-88.09646350551769,1.4740268898516298,-3.8672529593098863,89.66512654276403,-3.29162182540022,1.6477833911629232,88.30990236732598,-0.3815030453907923,-3.6847193119995207
217,-95.09340672506106,-1.4016224864115694,-0.12801846354708,-94.42588652794157,-0.003068034321063993,-0.703729654536474,-89.22211313358775,-2.460404892528914,2.0427872276250234,-87.47343081842021,1.4828877688288253,-2.5112066276078364,90.79475224681511,-3.3210287840692034,1.8667428946139848,87.24523444421635,-0.2676792758169937,-2.985619749320504
218,-94.78357502627621,-1.3616880482586267,1.426124080856376,-95.12839181991966,-0.0012058692611230265,0.519516712135392,-88.88130418342578,-2.395109730782598,0.5877832224389836,-87.85697671622906,1.4659147476173116,-0.9793335858707516,89.68721843109859,-3.2360052864097457,1.4338145143973124,87.84131839660394,-0.26410535170203486,-4.372010493470076
219,-94.67189905995089,-1.3250829484764957,-0.2287503519966534,-94.49901602819182,-0.00428966557123895,-0.8871427211068893,-89.6815714206484,-2.338871547103099,1.6433708040353119,-87.27877769472946,1.5249835151354518,-2.4225488188060895,90.74822457049748,-3.1756676034904956,2.1261600482567635,87.68503225035657,-0.22515120331547273,-2.7450233316192834
220,-94.00649372888283,-1.3559536456488126,1.0891977150587355,-95.5467442788169,-0.01679065020753344,-0.3520124890193505,-88.4680995498083,-2.1964914246639875,1.8139547296309957,-88.18529842950485,1.6272092390127284,-1.366162396035911,90.21630452244976,-3.180494533611831,0.8058893877561323,88.66810131544763,-0.385351641906373,-3.569928022267533
221,-94.79598418834257,-1.3308181998936555,-0.1053407168057606,-94.45542807719733,-0.02940277757641798,0.25941118436565697,-89.61506942817125,-2.2161160444061085,1.4810782749926856,-87.13866365176514,1.5708413390121516,-2.093766335243731,90.2244099198024,-3.119110852738621,2.5420445690082913,87.6516234406414,-0.37791531541197027,-2.6597094924898808
222,-93.65155235156793,-1.3748885783004523,-0.4660158994724227,-95.21572126660159,-0.01083272542145748,-0.9807602146961694,-88.52428352574023,-2.0474870975394444,2.2213113943901477,-88.20667905223667,1.7141958837294748,-2.64838866215164,90.74518499112378,-3.1303235678046044,1.092473438226188,88.74376438899772,-0.507163299767992,-2.9980128037690976
223,-94.30581694264862,-1.356558436349555,0.7912093896709798,-94.43460767217995,-0.024856665046476673,0.21167287070296434,-89.51703755929586,-1.9473145025150587,1.3291882705190399,-87.08224136875148,1.7093065597874384,-2.779912005320358,89.85205802336314,-3.1156675699141174,2.3481499976736253,87.72902933027758,-0.6114247317540624,-2.1470839823549364
224,-94.75284366488133,-1.3231533084636,-0.7266059156106989,-94.97797624481096,-0.05392187723895352,-1.252767884129066,-88.97451609096312,-1.7827668734777367,2.864561635164541,-87.67172581618661,1.7751405573348762,-1.248115774364823,90.78841129844838,-3.1892467713849246,1.3528822292991383,88.81772714584092,-0.6831657325333839,-1.7378063328394366
225,-94.1725938306379,-1.292534401773429,0.7383717562310044,-94.13194138069292,-0.057944797617964845,-0.1431887699556414,-89.29576433589422,-1.6956773214863854,1.3298138226168636,-88.00119968945938,1.7830594248156706,-2.7501118832444575,89.82621858211174,-3.1519362901367747,2.4451235004011553,87.68059074845036,-0.7445720708323169,-2.224590309596176
226,-94.19994597104484,-1.312398211646322,-0.9089256963459128,-95.01586582258204,-0.06181913109216476,-1.0608171936563844,-88.53932821944619,-1.5820433819160111,2.6175703349794768,-87.61265741537352,1.741436153911399,-1.2084814304346208,90.87785897303327,-3.2145096587274846,1.6868300793963373,88.15374849152131,-0.8274928694511658,-3.6768627281438184
227,-94.2933550143628,-1.3211423033677419,0.7346990439058194,-94.34508339588662,-0.057515239732390616,0.3058774123992201,-89.33143723101207,-1.6018854868680834,1.2843726749940514,-87.61925823931546,1.7444631350424806,-2.825278498022773,89.67817797913418,-3.1654164433848773,1.6044630339871155,87.52686674479084,-0.805449638614072,-2.30880032605177
228,-93.70407574743746,-1.3313819237854116,-0.6803248373961615,-95.03197701356515,-0.051438396942143506,-0.9736392930197185,-90.38492490474789,-1.813399342066693,0.8902343111339314,-87.44547415623884,1.6712501784847953,-4.422600609376596,90.85934166478812,-3.1107087047778426,1.791762522493795,87.47443282471002,-0.7732626900255902,-3.934717538622655
229,-94.76478604843449,-1.3527938212880943,-0.09052211156139668,-94.47963068684705,0.02025568481585248,0.5196148769652532,-89.59952849824,-1.7067551358540607,2.1848792252622995,-87.66544389709878,1.8349257919670046,-2.764363059029499,89.80796759086078,-3.1414435671147083,1.2694694256628611,87.58129721421545,-0.919084119801265,-2.2900522391720917
230,-93.62779714487318,-1.3848020739301186,0.3418110672490228,-94.9524961109467,0.04211496044081759,-0.9782009547986332,-89.37461467891957,-1.8956857444923256,0.6294366956069144,-86.61001640130891,1.6704000561145482,-3.5478067898905845,90.73984743884232,-3.1325681027093633,2.1465967231073657,86.43640822899287,-0.8626885864157056,-2.264403324452567
231,-94.66065982880751,-1.4605971797740323,1.063980805868957,-94.14918195342476,0.10735025534581737,0.16054681482789934,-89.15158164059287,-1.850219885960463,2.301315905241127,-87.23190601558923,1.8036025140552698,-2.108644921391059,90.35801026912833,-3.1275369639038364,0.6808338579256774,87.61827509130879,-1.000604412706456,-2.051908157621265
232,-93.68245030749448,-1.4412273933454067,0.36024869936604076,-95.16448074708596,0.09133369324896651,-0.8042046092782063,-88.99335117343968,-1.7305537246601383,0.7272156163369659,-87.43153983773196,1.8618376796133669,-0.454885271757337,90.73515649494135,-3.136207138904601,2.2187330329348027,86.87326332117765,-1.0279369662021318,-3.302206293872412
233,-94.54950800189582,-1.453667139076554,-1.0011935007954118,-94.76685198633366,0.12338405960210304,0.6346501631297737,-89.45276840386032,-1.794667133913105,2.271207631993007,-87.45983692371607,1.747644892830861,-2.040014645151267,90.20057991919246,-3.1140409403049247,0.8719398781134903,87.86469970054407,-1.1021056085863075,-2.383737840808096
234,-94.27137646446978,-1.4582260570178893,0.458384988374761,-95.864785623484,0.13830539802295413,-0.441338942713287,-88.62631909916354,-1.7621796223477622,1.3010762151378865,-88.56688129001702,1.7795089686795307,-2.2391611405623912,90.53552864668518,-3.1019172392924026,2.4565883647356794,86.68863882673418,-1.0944880868706126,-2.2677022910725233
235,-95.19472556242806,-1.4703413340194877,-0.9435900944455394,-95.10207949490845,0.18594049500186272,0.37693345484582697,-88.96162396049498,-1.8944010023226971,2.8841259857750785,-87.46094695606415,1.6758733796061533,-2.686585869036713,90.68576171712306,-3.0845736934700785,0.8537450083248387,87.82101545396715,-1.1289377604475994,-1.744302258599098
236,-94.44277774400244,-1.4248040326275322,-0.49682821190995097,-96.11569981928794,0.24790719452057766,-0.9455438392910261,-89.46431374220661,-1.9894632334196052,1.5231894465078126,-88.6090033489099,1.7719611527456631,-2.4686091297544746,90.04958380708516,-3.156815490502658,2.33995440230536,88.2146141429062,-1.1335210654624415,-0.14675824376554225
237,-95.96070041007901,-1.438286520129246,-0.28148801281341185,-95.48741325552386,0.2923961332208422,0.13893417216563045,-89.13276514946975,-2.1557209233147265,3.2503903363020554,-87.440370735007,1.6237341544793593,-2.5418144887235647,90.20007259705721,-3.2599833345048648,0.7143651251161693,88.0050089892513,-1.096850926032644,-1.6954628487211307
238,-95.24609270511313,-1.4066986136326018,-0.7433745566346224,-96.38713855351051,0.2522507500916588,-1.2206806810330122,-89.49475447304401,-2.184160293640047,1.8022789183562118,-87.96968790816601,1.6827544779809946,-0.9578469860923783,90.68321602491245,-3.2501543707817833,2.18246696567714,88.08149001916183,-0.9992646846837476,-3.2608176267116264
239,-96.35148546424573,-1.407306760249135,0.4985823137924849,-95.9051305312294,0.25982300867378977,0.014674144656269327,-89.82573576059067,-2.2530007589145296,0.29505046904384347,-87.56493605445361,1.6679894181782706,-2.4066987906074613,89.78185388675418,-3.1555786293046246,1.3213349061021482,88.0361163657311,-0.9242206065408647,-1.5562384120747894
240,-96.3625139114316,-1.4349646238379485,-1.0347702995734525,-96.99735902174069,0.22639515990666037,-1.1144174192136833,-89.32229989093143,-2.29399513042313,1.8972429818087182,-87.96424644426608,1.6659182427836092,-0.7554170944753749,90.67985500173624,-3.1669401812320985,2.342496720721587,87.68805238431312,-0.9128291578075792,-3.033163618023146
241,-96.74566672184208,-1.3966529328991626,0.6067348170939092,-96.467919162976,0.30214591174867267,0.11139583186412073,-88.1406485575643,-2.1953930327313613,1.9291469436726603,-86.84928000221991,1.6778022569134479,-1.1709158983475991,89.82157626191055,-3.0293714972096892,1.3426455562788238,87.3532900633454,-0.8675453852578769,-1.3983845248136288
242,-97.01374839121002,-1.4430427078857622,-0.9694770453131957,-97.15113113514097,0.2968838977852476,-1.3451421738958305,-89.1395368666151,-2.1938614426158676,2.635195071079848,-87.85392821135773,1.7055613737912807,-0.3339124401382219,90.8590636321963,-3.1435873595235684,2.043708642319927,88.06639461668536,-1.0035736615282966,-2.637672879577473
243,-98.05673466423545,-1.4942138277998747,0.1258758978350506,-97.73366087032485,0.36958089229629987,0.2729075695348553,-88.76228042374737,-2.2325039334608943,1.17086080619485,-87.64375669712838,1.6696333347170995,-1.9101371436678372,89.87734168251707,-3.0284979455939456,1.3621018798663325,87.70742567176428,-0.976066809521909,-1.0215176983628609
244,-97.256863442427,-1.536841350497555,1.1007239849784003,-97.11917056256515,0.4063554582137255,-0.8538284635797517,-89.07037756455334,-2.4947669920485978,2.81123898546339,-87.69193961957428,1.5329402574404076,-3.475329022901425,90.9005488578985,-2.9299987692181957,2.047953175322755,88.87071072023957,-0.94607118351463,-1.214873114867138
245,-98.27426738529039,-1.5620031354770547,0.12522524770251442,-97.92033791744778,0.4018592493321848,0.4665423949098344,-88.1113334226312,-2.5783075932506283,2.0713526433229945,-87.67342991185161,1.52706769174127,-1.8011187821976344,90.0644708157093,-2.858245307217296,1.0058329469257246,87.77897260745146,-0.9088011846211533,-1.0863966689218603
246,-97.16611264873144,-1.5561730168109593,0.376392036156765,-96.96846408999431,0.35588909806405566,-0.31516815352680666,-89.27582001426491,-2.5174916183889176,2.217344728170386,-86.79914019253678,1.6054634422747138,-0.7304426346610561,91.06953814286953,-2.8214253659819564,1.73597311843241,88.10909116297759,-0.9234009029008963,-2.6502382657388166
247,-97.63623422412769,-1.4974532890186456,1.8153680290573015,-98.08928511176487,0.24499795067357075,0.1708331927226573,-88.31123528918748,-2.504470479321788,1.3955209560899586,-87.79782411048019,1.6547610688761147,-1.4072956940069687,89.86462372105657,-2.680030552836256,1.6031433919762468,87.8867630368398,-0.8652519990653357,-1.0538543850372881
248,-97.16479300578065,-1.384635937562468,0.3239743955807666,-97.10438276941228,0.12349717471856037,-0.8559451727857912,-89.19076660901858,-2.368602071614386,2.336199617221483,-86.74932358004871,1.7176435787800313,-0.7379099116714216,91.00259148685379,-2.6561176127793247,1.4572375473820756,89.07561579242454,-0.8258508522243556,-1.066393206638045
249,-98.20460534627414,-1.3028788928258974,-0.10792312505679666,-97.9597426693151,0.0769151491558039,0.13298358478970784,-88.16111132620942,-2.3009523864564185,1.629981181052364,-87.64481567943997,1.7341912885829003,-1.66917241236822,89.84975260391448,-2.5963843466687724,1.979888069147164,87.91195636875486,-0.7833650620244145,-1.2534108924184064
250,-96.9729326320611,-1.2632176895218339,0.3268856491513934,-98.0151914085352,0.031066350764401895,-1.590396829062937,-89.26824780306917,-2.27592586606605,2.0409658003445594,-87.1643859488405,1.7339808576804705,-3.2341627264491732,90.95351109829957,-2.615906267741954,1.7545860047149227,88.93942836563875,-0.762763199142749,-1.983356314351544
251,-98.06325535405225,-1.3270851205314167,0.5217288352260971,-96.91764135506834,0.05088008711918489,-0.7302154035846669,-89.79013682360585,-2.3340408770450676,0.5669122162247836,-87.54854591172948,1.818389131908867,-1.6870175528098734,89.80594406061664,-2.564279366723034,1.5510926337071695,87.76573892797052,-0.6718738588324917,-2.287431344279049
252,-97.36268677908024,-1.3777350375646642,-0.8890060703288521,-97.84176029874446,0.07002878949306883,0.045206858489832975,-88.99760928992649,-2.417474086308979,1.8976522939610012,-86.37094400443387,1.7579462292400596,-1.9592140464589018,90.98310174572984,-2.63644145689032,1.5087391490745685,88.91387801592113,-0.7707995524452954,-2.162839893509884
253,-96.92195220533469,-1.4674283863071815,0.6721161711764745,-97.09010063842244,0.1443219678952437,-1.3145426299381682,-88.4978158198148,-2.387871802401591,3.431964019123751,-87.3545684311426,1.8551805577639555,-0.9881668878676676,89.82123952344723,-2.645362348519693,1.8478947905031247,87.80083251415394,-0.7639126085136565,-1.612364375912321
254,-95.94274078375925,-1.6407711791446684,-0.4632310963353537,-96.67813854884629,0.23459556425940425,0.3253302806515687,-89.01169474482452,-2.432506083545082,1.893553404571514,-86.99073540142422,1.7262220390730432,-2.5751818149506405,90.99622112466793,-2.724551821630696,1.5964990574184412,88.32551677650889,-0.7622878265974706,-3.0923424066206517
255,-96.94428309828362,-1.8116100067607341,-0.18971832715008088,-96.65202947867401,0.3934216668104882,-1.298042585545294,-90.01160907732536,-2.410361560918334,0.9202333483116674,-87.73706075893459,1.778019411476298,-1.3042954931379331,89.84212586577775,-2.779696142500955,1.4961737936336634,88.40915369690913,-0.8659241724213709,-1.5026983249164236
256,-96.16337380112282,-1.8615746032880844,1.2109080356855413,-96.1989138665761,0.40364739807244093,0.2556524902910678,-89.09884454489546,-2.445718170647066,1.960372001046502,-87.30342009396288,1.7397013044990133,-2.8630845565492224,90.93761136870721,-2.8521503219836863,1.8448920292996478,87.23419880367878,-0.8647362465418383,-1.6770586622158303
257,-95.796452412143,-2.0275842928094625,-0.3506231020108187,-97.22663008661813,0.47659718700986975,-0.15904922319746337,-88.12275522927153,-2.315628349227672,2.727398220779107,-87.28195470972301,1.7490276978691401,-1.2492247220537602,89.83291711928001,-2.7966368617597284,1.3874712066854442,88.35011467123687,-0.8976529165758526,-1.7393668537899891
258,-96.66319135917779,-2.081191363611633,0.5228410562353725,-96.0360461744903,0.50117501048648,-0.1635598351487493,-89.11933975476883,-2.376522721376033,1.811993333419441,-87.45025309090431,1.7312205240977487,-2.8605627869445653,90.8514697071807,-2.8332219027670438,1.9570920519611206,87.21000385028627,-0.8914877075560668,-1.3814172539600347
259,-95.51381563135891,-2.143639220153965,0.18012188672764654,-96.96595920086315,0.5639418527469802,-1.1206426143676218,-87.98884967599712,-2.288365774886158,2.3879983132120843,-87.44599862653486,1.7378477426258379,-1.2411691864191703,89.76841888370562,-2.797585979663289,1.4507860872384162,87.82425441246494,-0.9000017355626346,-2.7547194767628285
260,-96.28829013172377,-2.208453926281493,1.370497707782226,-96.14172146761585,0.6157958311956192,0.10228061670411866,-89.10060753281032,-2.3072386442960933,1.8601944833624793,-88.00691777004016,1.7540844763929424,-2.6342081419705186,90.78456594848903,-2.8538245297192835,2.171708048123234,88.96784057943256,-0.9872402994519404,-2.9324474938091813
261,-96.28077755906763,-2.2007716457534747,-0.2282930365304388,-97.04519874403825,0.632032186800133,-0.9211604504818814,-90.20238321434778,-2.4132842394022873,1.2644151432758315,-86.92438169497672,1.7205817215563064,-2.0030303510153256,90.0161147432106,-2.806630296166044,1.0168588153896507,88.01307733871828,-0.8990551286872611,-1.9784012017239025
262,-95.75813842681141,-2.203431994733276,1.264242786410709,-96.06403895328293,0.6220067562305719,-0.0038120939104766957,-89.11513375962885,-2.343560802093849,1.9072989428887923,-87.96809638799681,1.8478421653350265,-2.6312967420258304,90.3548680766976,-2.776755301977479,2.57354254644129,88.40807492199642,-0.8825100429131812,-3.501674801787582
263,-96.54424835264669,-2.2050360442947183,-0.05099288324842535,-97.13083338628581,0.6168483786426716,-0.602462285924069,-90.14266146141051,-2.344876796944936,1.1326707078384448,-87.41865156092328,1.874576642646615,-1.2099045211130752,90.39606662218473,-2.76874009632103,0.9713534617123454,87.7560754158426,-0.8909044521128474,-2.104210227235264
264,-95.38531915155419,-2.241889030815479,0.1240582848625229,-96.1656763842078,0.6748047623942477,-1.4760636721693234,-89.11318051118337,-2.215305087535654,2.0406890926267103,-87.46260629224646,1.8658849393423929,0.46433180388095396,90.40259687240196,-2.8269613438156003,2.606304611148315,88.26752480666588,-0.9629957459471455,-0.5975383732771624
265,-96.4792257491183,-2.263500269261325,0.7724393063417248,-96.48838818378589,0.678706919112092,0.13889831664012597,-88.1432490840219,-2.2529090719949467,1.1164647996506107,-87.38577078159705,1.7943589229984929,-1.1606450032622053,89.8774292401675,-2.765254355883748,1.1915417466702007,87.700216449825,-0.9008033496880798,-2.0145913449630837
266,-97.31902707408388,-2.316230639085957,-0.4917760087364053,-97.1610771057879,0.7368535900784934,-1.2043590413166076,-88.96620104418062,-2.2037027803640634,2.1554027000977563,-88.22882657675602,1.8744451991701276,-2.1719957568067088,90.87703732844503,-2.7606884777524856,1.8583956444632974,88.8181750108505,-0.9066119732307504,-1.6394662692667568
267,-96.486623263242,-2.2964128397307,0.6929292430508189,-96.8959518060999,0.7044428749098129,0.4046270684078872,-89.85635748671373,-2.293778574025363,1.0465815317069123,-87.00624222304833,1.8032129885262793,-2.1152549951180175,89.72447052385445,-2.729829817479893,1.498284585368006,87.86554146250249,-0.8586307505830162,-2.6033709953339
268,-96.57305456937351,-2.410208665967575,-0.9789498754666434,-96.53561160672352,0.8203104014725405,-1.163416636335383,-88.85487155555067,-2.260482553067759,2.0087167505345866,-87.86919790460803,1.8653928467721723,-0.954115341357771,90.83125505345433,-2.820950391167127,1.9156783979768244,88.77714349893155,-0.9056845748283731,-1.597833272864274
269,-96.64688708302126,-2.3982235888380234,0.6538864990260311,-97.20002425698439,0.8276713223925326,0.21619289507401043,-90.03161790543905,-2.236893149916361,2.124599085203478,-86.6824976197578,1.8533661255499978,-1.2457267999162567,89.78699724774778,-2.805206374513785,1.3917794023419447,87.71691300035666,-0.9123622704713229,-2.233099880568546
270,-95.69722591049506,-2.4181742087103366,-0.2135136662187596,-96.32538891650059,0.8564416744385224,-0.8784969688472755,-88.950194756417,-2.137921924162426,1.9789610720629784,-87.68680562837488,1.819901749976183,-1.9070290997104395,90.87688686948295,-2.840225796687812,1.8007275705990318,88.356981520017,-0.9621131852634048,-0.8303187986136268
271,-96.2419349016669,-2.413431368737015,1.178378188484166,-97.31874933691518,0.8394933790073968,-0.0612602785696101,-88.40203023154947,-2.1312786641277253,0.5751843355663807,-87.02455225459202,1.7875674025172634,-3.310572770650145,89.75178553255874,-2.7472818459079194,1.451664437678121,87.67754624446341,-0.912274608900151,-2.223545443437696
272,-96.66932097562713,-2.440421214519565,-0.39816561232655145,-96.48352911871608,0.8581245439250775,-1.1847343237827326,-89.01857918881777,-2.1917497590006723,1.886017235396956,-87.36915588190485,1.8293068890100126,-1.724131814895037,90.84518841567368,-2.7568097183891576,1.6032601888413645,88.56818769334221,-0.9056103288899904,-1.1823739369860795
273,-97.75758447220679,-2.5353702186870337,-0.005041793123023074,-96.43123879605795,0.9254919465447182,0.46945102597949645,-89.62568997542041,-2.2315919897019136,0.5354077421801654,-86.33888337923717,1.8413412623419378,-2.5680514812329434,89.69796558766825,-2.703562077324186,1.6657221014557013,88.28884852676352,-0.8353221596618998,-2.8096584555108155
274,-96.80354573879157,-2.5669825695364215,0.929644104405556,-97.30092425298672,0.9946636990452249,-0.6649776892897804,-88.92466723538476,-2.2508762064541603,1.961244714854138,-87.19243389005209,1.8545406776156268,-1.3806911560170474,90.874563280925,-2.7987802157089536,1.612416267948818,87.35100606533751,-0.8523196492760253,-1.853429019509506
275,-96.15257873402581,-2.577121194957073,-0.30565571454036444,-96.29973569173316,1.037397884432003,0.10577231435970007,-90.03955944733914,-2.2761063653142055,2.4534149562341465,-87.01099492277547,1.8805040059148848,0.2517888267153777,89.7585791992981,-2.7622619702556612,1.9920529054477025,88.49573908337058,-0.9535617087492919,-1.7178707181842219
276,-96.40023669764747,-2.604306696474636,1.3303295541910525,-96.99498212794855,1.0236475378101129,-1.2100411882325355,-89.06234589750198,-2.2118264407247605,1.7364302154334852,-87.03279944117523,1.8681601294311754,-1.3960064902534421,90.90969880389255,-2.8141534823360366,1.5343893809613163,87.36259010847013,-0.9976896002250486,-1.3498064584723364
277,-97.2226215543143,-2.678741614939954,0.11318587763485456,-96.85302497659829,1.0738889631262591,0.4326090918465248,-87.99542200779138,-2.176307633959251,2.3969208710825844,-86.0681686009044,1.8194572745514377,-2.403805489553664,89.73252281759575,-2.8122782598896165,1.7793060150766506,88.48029600383454,-1.0241429655910224,-0.8990537773927599
278,-96.051069927123,-2.6790868166334696,0.12853294254178918,-96.86367654037551,1.1085256897909688,-1.1697016714582331,-89.07159359549718,-2.2323793971781414,1.8314716719670947,-87.21413467652592,1.8266078507620127,-2.2231852960588485,90.86464737744774,-2.8489129411845973,1.6593050337763307,88.16147499434673,-0.9627199472449682,-2.4939812255471345
